 ##############################################################################
 #
 #                  O p t a D O S   o u t p u t   f i l e 
 #
 #    Density of States using adaptive broadening
 #  Generated on 16 Aug 2022 at 14:59:10 
 # Column        Data
 #    1        Energy (eV)
 #    2        DOS (electrons per eV)
 #    3        Integrated DOS (electrons)
 #
 ##############################################################################
 -0.1961732849991E+02    0.0000000000000E+00    0.0000000000000E+00
 -0.1951711752945E+02    0.0000000000000E+00    0.0000000000000E+00
 -0.1941690655898E+02    0.0000000000000E+00    0.0000000000000E+00
 -0.1931669558852E+02    0.0000000000000E+00    0.0000000000000E+00
 -0.1921648461806E+02    0.0000000000000E+00    0.0000000000000E+00
 -0.1911627364759E+02    0.0000000000000E+00    0.0000000000000E+00
 -0.1901606267713E+02    0.0000000000000E+00    0.0000000000000E+00
 -0.1891585170666E+02    0.0000000000000E+00    0.0000000000000E+00
 -0.1881564073620E+02    0.0000000000000E+00    0.0000000000000E+00
 -0.1871542976573E+02    0.0000000000000E+00    0.0000000000000E+00
 -0.1861521879527E+02    0.0000000000000E+00    0.0000000000000E+00
 -0.1851500782481E+02    0.0000000000000E+00    0.0000000000000E+00
 -0.1841479685434E+02    0.0000000000000E+00    0.0000000000000E+00
 -0.1831458588388E+02    0.0000000000000E+00    0.0000000000000E+00
 -0.1821437491341E+02    0.0000000000000E+00    0.0000000000000E+00
 -0.1811416394295E+02    0.0000000000000E+00    0.0000000000000E+00
 -0.1801395297249E+02    0.0000000000000E+00    0.0000000000000E+00
 -0.1791374200202E+02    0.0000000000000E+00    0.0000000000000E+00
 -0.1781353103156E+02    0.0000000000000E+00    0.0000000000000E+00
 -0.1771332006109E+02    0.0000000000000E+00    0.0000000000000E+00
 -0.1761310909063E+02    0.0000000000000E+00    0.0000000000000E+00
 -0.1751289812016E+02    0.0000000000000E+00    0.0000000000000E+00
 -0.1741268714970E+02    0.0000000000000E+00    0.0000000000000E+00
 -0.1731247617924E+02    0.0000000000000E+00    0.0000000000000E+00
 -0.1721226520877E+02    0.0000000000000E+00    0.0000000000000E+00
 -0.1711205423831E+02    0.0000000000000E+00    0.0000000000000E+00
 -0.1701184326784E+02    0.0000000000000E+00    0.0000000000000E+00
 -0.1691163229738E+02    0.0000000000000E+00    0.0000000000000E+00
 -0.1681142132692E+02    0.0000000000000E+00    0.0000000000000E+00
 -0.1671121035645E+02    0.0000000000000E+00    0.0000000000000E+00
 -0.1661099938599E+02    0.0000000000000E+00    0.0000000000000E+00
 -0.1651078841552E+02    0.0000000000000E+00    0.0000000000000E+00
 -0.1641057744506E+02    0.0000000000000E+00    0.0000000000000E+00
 -0.1631036647460E+02    0.0000000000000E+00    0.0000000000000E+00
 -0.1621015550413E+02    0.0000000000000E+00    0.0000000000000E+00
 -0.1610994453367E+02    0.0000000000000E+00    0.0000000000000E+00
 -0.1600973356320E+02    0.0000000000000E+00    0.0000000000000E+00
 -0.1590952259274E+02    0.0000000000000E+00    0.0000000000000E+00
 -0.1580931162227E+02    0.0000000000000E+00    0.0000000000000E+00
 -0.1570910065181E+02    0.0000000000000E+00    0.0000000000000E+00
 -0.1560888968135E+02    0.0000000000000E+00    0.0000000000000E+00
 -0.1550867871088E+02    0.0000000000000E+00    0.0000000000000E+00
 -0.1540846774042E+02    0.0000000000000E+00    0.2104214580356E-17
 -0.1530825676995E+02    0.4076415822850E-12    0.5694287348312E-14
 -0.1520804579949E+02    0.3076445905139E-09    0.4905713160629E-11
 -0.1510783482903E+02    0.8783138570682E-07    0.1645390691793E-08
 -0.1500762385856E+02    0.9692824958998E-05    0.2189247651167E-06
 -0.1490741288810E+02    0.4221030721261E-03    0.1188530201270E-04
 -0.1480720191763E+02    0.7506623217155E-02    0.2750159528792E-03
 -0.1470699094717E+02    0.5785627130675E-01    0.2904322825792E-02
 -0.1460677997670E+02    0.2144733642180E+00    0.1554167514579E-01
 -0.1450656900624E+02    0.4528531562856E+00    0.4873181967056E-01
 -0.1440635803578E+02    0.6768449919451E+00    0.1057001335813E+00
 -0.1430614706531E+02    0.8609181229763E+00    0.1830086284725E+00
 -0.1420593609485E+02    0.1024453408684E+01    0.2775750483549E+00
 -0.1410572512438E+02    0.1181058658258E+01    0.3881066556663E+00
 -0.1400551415392E+02    0.1337912638741E+01    0.5142954726892E+00
 -0.1390530318346E+02    0.1500648066480E+01    0.6564472818674E+00
 -0.1380509221299E+02    0.1676285731376E+01    0.8154853393801E+00
 -0.1370488124253E+02    0.1878001582519E+01    0.9932643274006E+00
 -0.1360467027206E+02    0.2132769693873E+01    0.1193645700892E+01
 -0.1350445930160E+02    0.2448255639586E+01    0.1422937103033E+01
 -0.1340424833114E+02    0.2702293115023E+01    0.1682316680344E+01
 -0.1330403736067E+02    0.2759689884082E+01    0.1957666991916E+01
 -0.1320382639021E+02    0.2681864005367E+01    0.2230877828997E+01
 -0.1310361541974E+02    0.2571440393278E+01    0.2494193090684E+01
 -0.1300340444928E+02    0.2457688545716E+01    0.2746129418585E+01
 -0.1290319347881E+02    0.2389251395750E+01    0.2988098336070E+01
 -0.1280298250835E+02    0.2536681443336E+01    0.3232206117354E+01
 -0.1270277153789E+02    0.3027019448659E+01    0.3508419106159E+01
 -0.1260256056742E+02    0.3706587394516E+01    0.3845041940089E+01
 -0.1250234959696E+02    0.4541897367429E+01    0.4255983734563E+01
 -0.1240213862649E+02    0.5741761917040E+01    0.4768502299130E+01
 -0.1230192765603E+02    0.6861300350404E+01    0.5404454140490E+01
 -0.1220171668557E+02    0.7390286607648E+01    0.6121740629218E+01
 -0.1210150571510E+02    0.8060632389573E+01    0.6891387775630E+01
 -0.1200129474464E+02    0.8987400389488E+01    0.7747480830130E+01
 -0.1190108377417E+02    0.9368888962768E+01    0.8672260656347E+01
 -0.1180087280371E+02    0.9579621740015E+01    0.9619872249096E+01
 -0.1170066183325E+02    0.9472475855393E+01    0.1058592324191E+02
 -0.1160045086278E+02    0.6670479662023E+01    0.1142298823876E+02
 -0.1150023989232E+02    0.2396853802175E+01    0.1186931631343E+02
 -0.1140002892185E+02    0.3697941518039E+00    0.1198597845383E+02
 -0.1129981795139E+02    0.2279656009024E-01    0.1199936523916E+02
 -0.1119960698092E+02    0.5439155055817E-03    0.1200000328469E+02
 -0.1109939601046E+02    0.4941893710963E-05    0.1200001550767E+02
 -0.1099918504000E+02    0.1693790651560E-07    0.1200001559973E+02
 -0.1089897406953E+02    0.2172353808153E-10    0.1200001560000E+02
 -0.1079876309907E+02    0.0000000000000E+00    0.1200001560000E+02
 -0.1069855212860E+02    0.0000000000000E+00    0.1200001560000E+02
 -0.1059834115814E+02    0.0000000000000E+00    0.1200001560000E+02
 -0.1049813018768E+02    0.0000000000000E+00    0.1200001560000E+02
 -0.1039791921721E+02    0.0000000000000E+00    0.1200001560000E+02
 -0.1029770824675E+02    0.0000000000000E+00    0.1200001560000E+02
 -0.1019749727628E+02    0.0000000000000E+00    0.1200001560000E+02
 -0.1009728630582E+02    0.0000000000000E+00    0.1200001560000E+02
 -0.9997075335355E+01    0.0000000000000E+00    0.1200001560000E+02
 -0.9896864364891E+01    0.0000000000000E+00    0.1200001560000E+02
 -0.9796653394426E+01    0.0000000000000E+00    0.1200001560000E+02
 -0.9696442423962E+01    0.0000000000000E+00    0.1200001560000E+02
 -0.9596231453498E+01    0.0000000000000E+00    0.1200001560000E+02
 -0.9496020483034E+01    0.0000000000000E+00    0.1200001560000E+02
 -0.9395809512570E+01    0.0000000000000E+00    0.1200001560000E+02
 -0.9295598542106E+01    0.0000000000000E+00    0.1200001560000E+02
 -0.9195387571642E+01    0.0000000000000E+00    0.1200001560000E+02
 -0.9095176601178E+01    0.0000000000000E+00    0.1200001560000E+02
 -0.8994965630713E+01    0.0000000000000E+00    0.1200001560000E+02
 -0.8894754660249E+01    0.0000000000000E+00    0.1200001560000E+02
 -0.8794543689785E+01    0.0000000000000E+00    0.1200001560000E+02
 -0.8694332719321E+01    0.0000000000000E+00    0.1200001560000E+02
 -0.8594121748857E+01    0.0000000000000E+00    0.1200001560000E+02
 -0.8493910778393E+01    0.0000000000000E+00    0.1200001560000E+02
 -0.8393699807929E+01    0.0000000000000E+00    0.1200001560000E+02
 -0.8293488837464E+01    0.0000000000000E+00    0.1200001560000E+02
 -0.8193277867000E+01    0.0000000000000E+00    0.1200001560000E+02
 -0.8093066896536E+01    0.0000000000000E+00    0.1200001560000E+02
 -0.7992855926072E+01    0.0000000000000E+00    0.1200001560000E+02
 -0.7892644955608E+01    0.0000000000000E+00    0.1200001560000E+02
 -0.7792433985144E+01    0.0000000000000E+00    0.1200001560000E+02
 -0.7692223014680E+01    0.0000000000000E+00    0.1200001560000E+02
 -0.7592012044216E+01    0.0000000000000E+00    0.1200001560000E+02
 -0.7491801073751E+01    0.0000000000000E+00    0.1200001560000E+02
 -0.7391590103287E+01    0.0000000000000E+00    0.1200001560000E+02
 -0.7291379132823E+01    0.0000000000000E+00    0.1200001560000E+02
 -0.7191168162359E+01    0.0000000000000E+00    0.1200001560000E+02
 -0.7090957191895E+01    0.0000000000000E+00    0.1200001560000E+02
 -0.6990746221431E+01    0.0000000000000E+00    0.1200001560000E+02
 -0.6890535250967E+01    0.0000000000000E+00    0.1200001560000E+02
 -0.6790324280502E+01    0.0000000000000E+00    0.1200001560000E+02
 -0.6690113310038E+01    0.0000000000000E+00    0.1200001560000E+02
 -0.6589902339574E+01    0.0000000000000E+00    0.1200001560000E+02
 -0.6489691369110E+01    0.0000000000000E+00    0.1200001560000E+02
 -0.6389480398646E+01    0.0000000000000E+00    0.1200001560000E+02
 -0.6289269428182E+01    0.0000000000000E+00    0.1200001560000E+02
 -0.6189058457718E+01    0.0000000000000E+00    0.1200001560000E+02
 -0.6088847487253E+01    0.0000000000000E+00    0.1200001560000E+02
 -0.5988636516789E+01    0.0000000000000E+00    0.1200001560000E+02
 -0.5888425546325E+01    0.0000000000000E+00    0.1200001560000E+02
 -0.5788214575861E+01    0.0000000000000E+00    0.1200001560000E+02
 -0.5688003605397E+01    0.0000000000000E+00    0.1200001560000E+02
 -0.5587792634933E+01    0.0000000000000E+00    0.1200001560000E+02
 -0.5487581664469E+01    0.0000000000000E+00    0.1200001560000E+02
 -0.5387370694005E+01    0.0000000000000E+00    0.1200001560000E+02
 -0.5287159723540E+01    0.0000000000000E+00    0.1200001560000E+02
 -0.5186948753076E+01    0.0000000000000E+00    0.1200001560000E+02
 -0.5086737782612E+01    0.0000000000000E+00    0.1200001560000E+02
 -0.4986526812148E+01    0.0000000000000E+00    0.1200001560000E+02
 -0.4886315841684E+01    0.0000000000000E+00    0.1200001560000E+02
 -0.4786104871220E+01    0.0000000000000E+00    0.1200001560000E+02
 -0.4685893900756E+01    0.0000000000000E+00    0.1200001560000E+02
 -0.4585682930291E+01    0.0000000000000E+00    0.1200001560000E+02
 -0.4485471959827E+01    0.0000000000000E+00    0.1200001560000E+02
 -0.4385260989363E+01    0.0000000000000E+00    0.1200001560000E+02
 -0.4285050018899E+01    0.0000000000000E+00    0.1200001560000E+02
 -0.4184839048435E+01    0.0000000000000E+00    0.1200001560000E+02
 -0.4084628077971E+01    0.0000000000000E+00    0.1200001560000E+02
 -0.3984417107507E+01    0.0000000000000E+00    0.1200001560000E+02
 -0.3884206137043E+01    0.0000000000000E+00    0.1200001560000E+02
 -0.3783995166578E+01    0.0000000000000E+00    0.1200001560000E+02
 -0.3683784196114E+01    0.0000000000000E+00    0.1200001560000E+02
 -0.3583573225650E+01    0.0000000000000E+00    0.1200001560000E+02
 -0.3483362255186E+01    0.0000000000000E+00    0.1200001560000E+02
 -0.3383151284722E+01    0.0000000000000E+00    0.1200001560000E+02
 -0.3282940314258E+01    0.0000000000000E+00    0.1200001560000E+02
 -0.3182729343794E+01    0.0000000000000E+00    0.1200001560000E+02
 -0.3082518373329E+01    0.2565958415416E-12    0.1200001560000E+02
 -0.2982307402865E+01    0.1920647414720E-09    0.1200001560000E+02
 -0.2882096432401E+01    0.5456290069197E-07    0.1200001560102E+02
 -0.2781885461937E+01    0.5999563848881E-05    0.1200001573560E+02
 -0.2681674491473E+01    0.2608679405411E-03    0.1200002294690E+02
 -0.2581463521009E+01    0.4651932881819E-02    0.1200018580380E+02
 -0.2481252550545E+01    0.3631999211161E-01    0.1200182696071E+02
 -0.2381041580080E+01    0.1404423560422E+00    0.1200993287014E+02
 -0.2280830609616E+01    0.3368291620711E+00    0.1203304093579E+02
 -0.2180619639152E+01    0.6646276705978E+00    0.1208174121057E+02
 -0.2080408668688E+01    0.1183715858203E+01    0.1217292265310E+02
 -0.1980197698224E+01    0.1781711347245E+01    0.1232158742202E+02
 -0.1879986727760E+01    0.2401221025532E+01    0.1253017277890E+02
 -0.1779775757296E+01    0.3336516327483E+01    0.1281367284604E+02
 -0.1679564786832E+01    0.4587708908132E+01    0.1321073437472E+02
 -0.1579353816367E+01    0.5364124983913E+01    0.1371659705002E+02
 -0.1479142845903E+01    0.5337087194765E+01    0.1425755956646E+02
 -0.1378931875439E+01    0.5163177814945E+01    0.1478178172991E+02
 -0.1278720904975E+01    0.5237025982214E+01    0.1530191446251E+02
 -0.1178509934511E+01    0.5095764240281E+01    0.1582393686202E+02
 -0.1078298964047E+01    0.4435490049837E+01    0.1630479698141E+02
 -0.9780879935826E+00    0.3674122440779E+01    0.1670973629081E+02
 -0.8778770231185E+00    0.3191684042810E+01    0.1705086239384E+02
 -0.7776660526543E+00    0.3107603864086E+01    0.1736249771022E+02
 -0.6774550821902E+00    0.3640935478122E+01    0.1769462972807E+02
 -0.5772441117261E+00    0.4562389806895E+01    0.1810690506529E+02
 -0.4770331412619E+00    0.4785538753480E+01    0.1858373009353E+02
 -0.3768221707978E+00    0.4344260742000E+01    0.1904308259922E+02
 -0.2766112003337E+00    0.3930271505642E+01    0.1945637800215E+02
 -0.1764002298695E+00    0.3610482554981E+01    0.1983400857302E+02
 -0.7618925940539E-01    0.3312529688443E+01    0.2018037184641E+02
  0.2402171105875E-01    0.3212231746215E+01    0.2050444264394E+02
  0.1242326815229E+00    0.3522818186556E+01    0.2083827103005E+02
  0.2244436519870E+00    0.4210510676319E+01    0.2122326785790E+02
  0.3246546224512E+00    0.5047750009677E+01    0.2168728066186E+02
  0.4248655929153E+00    0.5688287263946E+01    0.2222852604451E+02
  0.5250765633794E+00    0.5698241415364E+01    0.2280596108960E+02
  0.6252875338436E+00    0.4972534406597E+01    0.2334493763462E+02
  0.7254985043077E+00    0.4114356793371E+01    0.2379840995938E+02
  0.8257094747718E+00    0.3579687131438E+01    0.2418112697126E+02
  0.9259204452360E+00    0.3318145901217E+01    0.2452473212946E+02
  0.1026131415700E+01    0.3340322370233E+01    0.2485565020726E+02
  0.1126342386164E+01    0.3614074692580E+01    0.2520308328274E+02
  0.1226553356628E+01    0.3849476620581E+01    0.2557838271323E+02
  0.1326764327093E+01    0.3907523103390E+01    0.2596857604826E+02
  0.1426975297557E+01    0.3782732112173E+01    0.2635529861298E+02
  0.1527186268021E+01    0.3598559892483E+01    0.2672450101091E+02
  0.1627397238485E+01    0.3607307250256E+01    0.2708325456580E+02
  0.1727608208949E+01    0.3886888471939E+01    0.2745672111176E+02
  0.1827819179413E+01    0.4347455510711E+01    0.2786837546621E+02
  0.1928030149877E+01    0.4841344358721E+01    0.2832901139550E+02
  0.2028241120341E+01    0.5448973433260E+01    0.2884163407889E+02
  0.2128452090806E+01    0.6601131756504E+01    0.2944101172866E+02
  0.2228663061270E+01    0.7545746788528E+01    0.3015878641736E+02
  0.2328874031734E+01    0.7121048301864E+01    0.3090389348118E+02
  0.2429085002198E+01    0.6362461550882E+01    0.3157530175848E+02
  0.2529295972662E+01    0.6278539292600E+01    0.3220357448940E+02
  0.2629506943126E+01    0.6557714898175E+01    0.3284528362085E+02
  0.2729717913590E+01    0.6973861912095E+01    0.3352243616863E+02
  0.2829928884055E+01    0.7377501630076E+01    0.3424265368925E+02
  0.2930139854519E+01    0.7704677302822E+01    0.3499747787239E+02
  0.3030350824983E+01    0.8524232656243E+01    0.3580357266020E+02
  0.3130561795447E+01    0.1004850740705E+02    0.3673188352495E+02
  0.3230772765911E+01    0.1074181005129E+02    0.3779021865648E+02
  0.3330983736375E+01    0.9227993037880E+01    0.3880556588423E+02
  0.3431194706839E+01    0.7531202075434E+01    0.3963433600394E+02
  0.3531405677303E+01    0.7366539581357E+01    0.4037052946253E+02
  0.3631616647768E+01    0.7728327388179E+01    0.4112639990604E+02
  0.3731827618232E+01    0.8267854832551E+01    0.4192557056907E+02
  0.3832038588696E+01    0.8745217578583E+01    0.4278190012282E+02
  0.3932249559160E+01    0.8724903246647E+01    0.4366031557644E+02
  0.4032460529624E+01    0.8571368788126E+01    0.4452614247129E+02
  0.4132671500088E+01    0.8748129575392E+01    0.4539021980069E+02
  0.4232882470552E+01    0.8658858245683E+01    0.4627289079435E+02
  0.4333093441017E+01    0.6756891063894E+01    0.4706061464960E+02
  0.4433304411481E+01    0.3990602612930E+01    0.4759843397845E+02
  0.4533515381945E+01    0.1731656390199E+01    0.4787850330115E+02
  0.4633726352409E+01    0.4432458450850E+00    0.4797839261565E+02
  0.4733937322873E+01    0.5397993224252E-01    0.4799813698712E+02
  0.4834148293337E+01    0.2788247336571E-02    0.4799998588066E+02
  0.4934359263801E+01    0.5784263126763E-04    0.4800006112376E+02
  0.5034570234265E+01    0.4688215960343E-06    0.4800006239140E+02
  0.5134781204730E+01    0.1462154009468E-08    0.4800006239998E+02
  0.5234992175194E+01    0.1720332203105E-11    0.4800006240000E+02
  0.5335203145658E+01    0.0000000000000E+00    0.4800006240000E+02
  0.5435414116122E+01    0.0000000000000E+00    0.4800006240000E+02
  0.5535625086586E+01    0.0000000000000E+00    0.4800006240000E+02
  0.5635836057050E+01    0.0000000000000E+00    0.4800006240000E+02
  0.5736047027514E+01    0.0000000000000E+00    0.4800006240000E+02
  0.5836257997979E+01    0.0000000000000E+00    0.4800006240000E+02
  0.5936468968443E+01    0.0000000000000E+00    0.4800006240000E+02
  0.6036679938907E+01    0.0000000000000E+00    0.4800006240000E+02
  0.6136890909371E+01    0.0000000000000E+00    0.4800006240000E+02
  0.6237101879835E+01    0.0000000000000E+00    0.4800006240000E+02
  0.6337312850299E+01    0.0000000000000E+00    0.4800006240000E+02
  0.6437523820763E+01    0.0000000000000E+00    0.4800006240000E+02
  0.6537734791228E+01    0.0000000000000E+00    0.4800006240000E+02
  0.6637945761692E+01    0.0000000000000E+00    0.4800006240000E+02
  0.6738156732156E+01    0.0000000000000E+00    0.4800006240000E+02
  0.6838367702620E+01    0.0000000000000E+00    0.4800006240000E+02
  0.6938578673084E+01    0.0000000000000E+00    0.4800006240000E+02
  0.7038789643548E+01    0.0000000000000E+00    0.4800006240000E+02
  0.7139000614012E+01    0.0000000000000E+00    0.4800006240000E+02
  0.7239211584476E+01    0.0000000000000E+00    0.4800006240000E+02
  0.7339422554941E+01    0.0000000000000E+00    0.4800006240000E+02
  0.7439633525405E+01    0.0000000000000E+00    0.4800006240000E+02
  0.7539844495869E+01    0.0000000000000E+00    0.4800006240000E+02
  0.7640055466333E+01    0.0000000000000E+00    0.4800006240000E+02
  0.7740266436797E+01    0.0000000000000E+00    0.4800006240000E+02
  0.7840477407261E+01    0.0000000000000E+00    0.4800006240000E+02
  0.7940688377725E+01    0.0000000000000E+00    0.4800006240000E+02
  0.8040899348190E+01    0.0000000000000E+00    0.4800006240000E+02
  0.8141110318654E+01    0.0000000000000E+00    0.4800006240000E+02
  0.8241321289118E+01    0.0000000000000E+00    0.4800006240000E+02
  0.8341532259582E+01    0.0000000000000E+00    0.4800006240000E+02
  0.8441743230046E+01    0.0000000000000E+00    0.4800006240000E+02
  0.8541954200510E+01    0.0000000000000E+00    0.4800006240000E+02
  0.8642165170974E+01    0.0000000000000E+00    0.4800006240000E+02
  0.8742376141438E+01    0.0000000000000E+00    0.4800006240000E+02
  0.8842587111903E+01    0.0000000000000E+00    0.4800006240000E+02
  0.8942798082367E+01    0.0000000000000E+00    0.4800006240000E+02
  0.9043009052831E+01    0.0000000000000E+00    0.4800006240000E+02
  0.9143220023295E+01    0.0000000000000E+00    0.4800006240000E+02
  0.9243430993759E+01    0.0000000000000E+00    0.4800006240000E+02
  0.9343641964223E+01    0.0000000000000E+00    0.4800006240000E+02
  0.9443852934687E+01    0.0000000000000E+00    0.4800006240000E+02
  0.9544063905152E+01    0.0000000000000E+00    0.4800006240000E+02
  0.9644274875616E+01    0.0000000000000E+00    0.4800006240000E+02
  0.9744485846080E+01    0.0000000000000E+00    0.4800006240000E+02
  0.9844696816544E+01    0.1898509416565E-14    0.4800006240000E+02
  0.9944907787008E+01    0.2036592343375E-11    0.4800006240000E+02
  0.1004511875747E+02    0.7912175025830E-09    0.4800006240002E+02
  0.1014532972794E+02    0.1215605840271E-06    0.4800006240256E+02
  0.1024554069840E+02    0.7652530613200E-05    0.4800006259572E+02
  0.1034575166886E+02    0.2035096242515E-03    0.4800006895599E+02
  0.1044596263933E+02    0.2336257139791E-02    0.4800016225506E+02
  0.1054617360979E+02    0.1212237333211E-01    0.4800079451622E+02
  0.1064638458026E+02    0.3278079067773E-01    0.4800296956687E+02
  0.1074659555072E+02    0.5774090429545E-01    0.4800751152188E+02
  0.1084680652119E+02    0.7834578665985E-01    0.4801437675050E+02
  0.1094701749165E+02    0.9845400475378E-01    0.4802320370228E+02
  0.1104722846211E+02    0.1181663732532E+00    0.4803410683244E+02
  0.1114743943258E+02    0.1335595511197E+00    0.4804671263228E+02
  0.1124765040304E+02    0.1551904963779E+00    0.4806111600354E+02
  0.1134786137351E+02    0.1759164394800E+00    0.4807777962209E+02
  0.1144807234397E+02    0.1925249944311E+00    0.4809621321316E+02
  0.1154828331443E+02    0.2142652426854E+00    0.4811655984135E+02
  0.1164849428490E+02    0.2390349179611E+00    0.4813925285022E+02
  0.1174870525536E+02    0.2634389715035E+00    0.4816446923868E+02
  0.1184891622583E+02    0.2807567979609E+00    0.4819177381942E+02
  0.1194912719629E+02    0.3088686916744E+00    0.4822111606425E+02
  0.1204933816675E+02    0.3474105529599E+00    0.4825410217074E+02
  0.1214954913722E+02    0.3643232051729E+00    0.4828989452208E+02
  0.1224976010768E+02    0.3915416330831E+00    0.4832751495728E+02
  0.1234997107815E+02    0.4397406718725E+00    0.4836913152608E+02
  0.1245018204861E+02    0.4747526367980E+00    0.4841516383177E+02
  0.1255039301908E+02    0.4962445985626E+00    0.4846374715294E+02
  0.1265060398954E+02    0.5503232942697E+00    0.4851581821326E+02
  0.1275081496000E+02    0.6122569385153E+00    0.4857437680305E+02
  0.1285102593047E+02    0.6361133888961E+00    0.4863698697038E+02
  0.1295123690093E+02    0.7056040218798E+00    0.4870363942146E+02
  0.1305144787140E+02    0.7851869339349E+00    0.4877872541281E+02
  0.1315165884186E+02    0.8414929928281E+00    0.4886002790823E+02
  0.1325186981232E+02    0.9464332802931E+00    0.4894921900651E+02
  0.1335208078279E+02    0.1085326153175E+01    0.4905067302553E+02
  0.1345229175325E+02    0.1328618385708E+01    0.4917018595101E+02
  0.1355250272372E+02    0.1793292872688E+01    0.4932443186528E+02
  0.1365271369418E+02    0.2518385359820E+01    0.4953856589402E+02
  0.1375292466465E+02    0.3313425726090E+01    0.4983179932152E+02
  0.1385313563511E+02    0.3842606985764E+01    0.5019316588304E+02
  0.1395334660557E+02    0.4172886533972E+01    0.5059500585801E+02
  0.1405355757604E+02    0.4531763273482E+01    0.5103121064116E+02
  0.1415376854650E+02    0.4742458889389E+01    0.5149802488945E+02
  0.1425397951697E+02    0.4741837634525E+01    0.5197439329063E+02
  0.1435419048743E+02    0.4664686081450E+01    0.5244595726290E+02
  0.1445440145789E+02    0.4623937825412E+01    0.5291031815385E+02
  0.1455461242836E+02    0.4777248678741E+01    0.5337971195853E+02
  0.1465482339882E+02    0.4930498526593E+01    0.5386793727418E+02
  0.1475503436929E+02    0.4850050865444E+01    0.5435912339579E+02
  0.1485524533975E+02    0.4849815096568E+01    0.5484318529374E+02
  0.1495545631021E+02    0.4944375180097E+01    0.5533489888625E+02
  0.1505566728068E+02    0.4805672493423E+01    0.5582556067967E+02
  0.1515587825114E+02    0.4536289872498E+01    0.5629364217169E+02
  0.1525608922161E+02    0.4342701817507E+01    0.5673768949569E+02
  0.1535630019207E+02    0.4155064726751E+01    0.5716414411324E+02
  0.1545651116254E+02    0.3922878712120E+01    0.5756875987836E+02
  0.1555672213300E+02    0.3745506995211E+01    0.5795215964848E+02
  0.1565693310346E+02    0.3795106901366E+01    0.5832702403098E+02
  0.1575714407393E+02    0.4097027246972E+01    0.5872216837209E+02
  0.1585735504439E+02    0.4193852350115E+01    0.5914048207962E+02
  0.1595756601486E+02    0.4001030768653E+01    0.5955299539655E+02
  0.1605777698532E+02    0.3657881402933E+01    0.5993705423637E+02
  0.1615798795578E+02    0.3415290632812E+01    0.6028980736416E+02
  0.1625819892625E+02    0.3372109489700E+01    0.6062828508102E+02
  0.1635840989671E+02    0.3489588513241E+01    0.6097114353058E+02
  0.1645862086718E+02    0.3694732728581E+01    0.6133039394608E+02
  0.1655883183764E+02    0.3972634684936E+01    0.6171440126193E+02
  0.1665904280811E+02    0.4166243529628E+01    0.6212355566051E+02
  0.1675925377857E+02    0.4251277238034E+01    0.6254555139606E+02
  0.1685946474903E+02    0.4327504618595E+01    0.6297572124304E+02
  0.1695967571950E+02    0.4297086264954E+01    0.6340898046109E+02
  0.1705988668996E+02    0.4307061748344E+01    0.6383775809669E+02
  0.1716009766043E+02    0.4737231415968E+01    0.6428747409961E+02
  0.1726030863089E+02    0.5227587403214E+01    0.6478930533256E+02
  0.1736051960135E+02    0.5344011880206E+01    0.6532149427455E+02
  0.1746073057182E+02    0.5425472843882E+01    0.6585935357504E+02
  0.1756094154228E+02    0.5796604151814E+01    0.6641914212635E+02
  0.1766115251275E+02    0.6263356279085E+01    0.6702503382595E+02
  0.1776136348321E+02    0.6215039310640E+01    0.6765626018031E+02
  0.1786157445367E+02    0.5744833538429E+01    0.6825552384833E+02
  0.1796178542414E+02    0.5568544908936E+01    0.6881887196051E+02
  0.1806199639460E+02    0.5589015891721E+01    0.6937848076406E+02
  0.1816220736507E+02    0.5369403527012E+01    0.6993042064948E+02
  0.1826241833553E+02    0.4831626271850E+01    0.7044402465962E+02
  0.1836262930600E+02    0.3990085239912E+01    0.7088834222546E+02
  0.1846284027646E+02    0.3097180007406E+01    0.7124165826281E+02
  0.1856305124692E+02    0.2607564173357E+01    0.7152301426268E+02
  0.1866326221739E+02    0.2705848395255E+01    0.7178414957255E+02
  0.1876347318785E+02    0.3277823866114E+01    0.7208158699254E+02
  0.1886368415832E+02    0.4035622804873E+01    0.7244637847245E+02
  0.1896389512878E+02    0.5206498271642E+01    0.7290442842382E+02
  0.1906410609924E+02    0.6826437894970E+01    0.7350626348912E+02
  0.1916431706971E+02    0.8046302696908E+01    0.7425862776973E+02
  0.1926452804017E+02    0.8465257350516E+01    0.7509066294772E+02
  0.1936473901064E+02    0.8537007292102E+01    0.7594493358025E+02
  0.1946494998110E+02    0.8151871132211E+01    0.7678615134818E+02
  0.1956516095157E+02    0.7192080161368E+01    0.7755913626210E+02
  0.1966537192203E+02    0.6000904864989E+01    0.7821908448567E+02
  0.1976558289249E+02    0.5299167177998E+01    0.7877943612604E+02
  0.1986579386296E+02    0.5062273043333E+01    0.7929704622007E+02
  0.1996600483342E+02    0.5040107679485E+01    0.7979987269302E+02
  0.2006621580389E+02    0.5645310492257E+01    0.8032940609636E+02
  0.2016642677435E+02    0.6523013019707E+01    0.8094130470572E+02
  0.2026663774481E+02    0.6763973040957E+01    0.8161413656144E+02
  0.2036684871528E+02    0.6165061702050E+01    0.8226917135509E+02
  0.2046705968574E+02    0.4680466551162E+01    0.8281913037427E+02
  0.2056727065621E+02    0.3008720106012E+01    0.8320012196921E+02
  0.2066748162667E+02    0.2259269713267E+01    0.8345518708175E+02
  0.2076769259713E+02    0.2140352617588E+01    0.8367436918452E+02
  0.2086790356760E+02    0.1995326773917E+01    0.8388191869457E+02
  0.2096811453806E+02    0.2003693211250E+01    0.8407958381159E+02
  0.2106832550853E+02    0.2301916715291E+01    0.8429398556107E+02
  0.2116853647899E+02    0.2516151958814E+01    0.8453780262934E+02
  0.2126874744946E+02    0.2431066806988E+01    0.8478783633573E+02
  0.2136895841992E+02    0.2185855341856E+01    0.8501972321072E+02
  0.2146916939038E+02    0.1866052568686E+01    0.8522386624046E+02
  0.2156938036085E+02    0.1416478525745E+01    0.8538860425154E+02
  0.2166959133131E+02    0.1096572276682E+01    0.8551282716918E+02
  0.2176980230178E+02    0.8383557471945E+00    0.8561034205463E+02
  0.2187001327224E+02    0.5684575703980E+00    0.8568007088001E+02
  0.2197022424270E+02    0.4371983696660E+00    0.8572934011414E+02
  0.2207043521317E+02    0.3767589817093E+00    0.8576995096170E+02
  0.2217064618363E+02    0.3362890761152E+00    0.8580544618793E+02
  0.2227085715410E+02    0.3212634894013E+00    0.8583828136739E+02
  0.2237106812456E+02    0.3055381850187E+00    0.8586971330250E+02
  0.2247127909502E+02    0.3098269054485E+00    0.8590022525685E+02
  0.2257149006549E+02    0.3307572623079E+00    0.8593247399903E+02
  0.2267170103595E+02    0.2911215692516E+00    0.8596444107739E+02
  0.2277191200642E+02    0.1634884424999E+00    0.8598768039265E+02
  0.2287212297688E+02    0.4766003510258E-01    0.8599767262059E+02
  0.2297233394735E+02    0.6447861746980E-02    0.8599987142763E+02
  0.2307254491781E+02    0.3839098855013E-03    0.8600010073883E+02
  0.2317275588827E+02    0.9706080136971E-05    0.8600011157469E+02
  0.2327296685874E+02    0.1006657279284E-06    0.8600011179806E+02
  0.2337317782920E+02    0.4147856669150E-09    0.8600011180000E+02
  0.2347338879967E+02    0.6597222569887E-12    0.8600011180000E+02
  0.2357359977013E+02    0.0000000000000E+00    0.8600011180000E+02
  0.2367381074059E+02    0.0000000000000E+00    0.8600011180000E+02
  0.2377402171106E+02    0.0000000000000E+00    0.8600011180000E+02
  0.2387423268152E+02    0.0000000000000E+00    0.8600011180000E+02
  0.2397444365199E+02    0.0000000000000E+00    0.8600011180000E+02
  0.2407465462245E+02    0.0000000000000E+00    0.8600011180000E+02
  0.2417486559292E+02    0.0000000000000E+00    0.8600011180000E+02
  0.2427507656338E+02    0.0000000000000E+00    0.8600011180000E+02
  0.2437528753384E+02    0.0000000000000E+00    0.8600011180000E+02
  0.2447549850431E+02    0.0000000000000E+00    0.8600011180000E+02
  0.2457570947477E+02    0.0000000000000E+00    0.8600011180000E+02
  0.2467592044524E+02    0.0000000000000E+00    0.8600011180000E+02
  0.2477613141570E+02    0.0000000000000E+00    0.8600011180000E+02
  0.2487634238616E+02    0.0000000000000E+00    0.8600011180000E+02
  0.2497655335663E+02    0.0000000000000E+00    0.8600011180000E+02
  0.2507676432709E+02    0.0000000000000E+00    0.8600011180000E+02
  0.2517697529756E+02    0.0000000000000E+00    0.8600011180000E+02
  0.2527718626802E+02    0.0000000000000E+00    0.8600011180000E+02
  0.2537739723848E+02    0.0000000000000E+00    0.8600011180000E+02
  0.2547760820895E+02    0.0000000000000E+00    0.8600011180000E+02
  0.2557781917941E+02    0.0000000000000E+00    0.8600011180000E+02
  0.2567803014988E+02    0.0000000000000E+00    0.8600011180000E+02
  0.2577824112034E+02    0.0000000000000E+00    0.8600011180000E+02
  0.2587845209081E+02    0.0000000000000E+00    0.8600011180000E+02
  0.2597866306127E+02    0.0000000000000E+00    0.8600011180000E+02
  0.2607887403173E+02    0.0000000000000E+00    0.8600011180000E+02
  0.2617908500220E+02    0.0000000000000E+00    0.8600011180000E+02
  0.2627929597266E+02    0.0000000000000E+00    0.8600011180000E+02
  0.2637950694313E+02    0.0000000000000E+00    0.8600011180000E+02
  0.2647971791359E+02    0.0000000000000E+00    0.8600011180000E+02
  0.2657992888405E+02    0.0000000000000E+00    0.8600011180000E+02
  0.2668013985452E+02    0.0000000000000E+00    0.8600011180000E+02
  0.2678035082498E+02    0.0000000000000E+00    0.8600011180000E+02
  0.2688056179545E+02    0.0000000000000E+00    0.8600011180000E+02
  0.2698077276591E+02    0.0000000000000E+00    0.8600011180000E+02
  0.2708098373638E+02    0.0000000000000E+00    0.8600011180000E+02
  0.2718119470684E+02    0.0000000000000E+00    0.8600011180000E+02
  0.2728140567730E+02    0.0000000000000E+00    0.8600011180000E+02
  0.2738161664777E+02    0.0000000000000E+00    0.8600011180000E+02
  0.2748182761823E+02    0.0000000000000E+00    0.8600011180000E+02
  0.2758203858870E+02    0.0000000000000E+00    0.8600011180000E+02
  0.2768224955916E+02    0.0000000000000E+00    0.8600011180000E+02
  0.2778246052962E+02    0.0000000000000E+00    0.8600011180000E+02
  0.2788267150009E+02    0.0000000000000E+00    0.8600011180000E+02
