# energy dos
-7.995000000000000107e+00 0.000000000000000000e+00
-7.985000000000000320e+00 0.000000000000000000e+00
-7.975000000000000533e+00 0.000000000000000000e+00
-7.965000000000000746e+00 0.000000000000000000e+00
-7.955000000000000959e+00 0.000000000000000000e+00
-7.945000000000001172e+00 0.000000000000000000e+00
-7.935000000000001386e+00 0.000000000000000000e+00
-7.925000000000001599e+00 0.000000000000000000e+00
-7.915000000000001812e+00 0.000000000000000000e+00
-7.905000000000002025e+00 0.000000000000000000e+00
-7.895000000000002238e+00 0.000000000000000000e+00
-7.885000000000002451e+00 0.000000000000000000e+00
-7.875000000000002665e+00 0.000000000000000000e+00
-7.865000000000002878e+00 0.000000000000000000e+00
-7.855000000000003091e+00 0.000000000000000000e+00
-7.845000000000003304e+00 0.000000000000000000e+00
-7.835000000000003517e+00 0.000000000000000000e+00
-7.825000000000003730e+00 0.000000000000000000e+00
-7.815000000000003944e+00 0.000000000000000000e+00
-7.805000000000004157e+00 0.000000000000000000e+00
-7.795000000000004370e+00 0.000000000000000000e+00
-7.785000000000004583e+00 0.000000000000000000e+00
-7.775000000000004796e+00 0.000000000000000000e+00
-7.765000000000005009e+00 0.000000000000000000e+00
-7.755000000000005222e+00 0.000000000000000000e+00
-7.745000000000005436e+00 0.000000000000000000e+00
-7.735000000000005649e+00 0.000000000000000000e+00
-7.725000000000005862e+00 0.000000000000000000e+00
-7.715000000000006075e+00 0.000000000000000000e+00
-7.705000000000006288e+00 0.000000000000000000e+00
-7.695000000000006501e+00 0.000000000000000000e+00
-7.685000000000006715e+00 0.000000000000000000e+00
-7.675000000000006928e+00 0.000000000000000000e+00
-7.665000000000007141e+00 0.000000000000000000e+00
-7.655000000000007354e+00 0.000000000000000000e+00
-7.645000000000007567e+00 0.000000000000000000e+00
-7.635000000000007780e+00 0.000000000000000000e+00
-7.625000000000007994e+00 0.000000000000000000e+00
-7.615000000000008207e+00 0.000000000000000000e+00
-7.605000000000008420e+00 0.000000000000000000e+00
-7.595000000000008633e+00 0.000000000000000000e+00
-7.585000000000008846e+00 0.000000000000000000e+00
-7.575000000000009059e+00 0.000000000000000000e+00
-7.565000000000009273e+00 0.000000000000000000e+00
-7.555000000000009486e+00 0.000000000000000000e+00
-7.545000000000009699e+00 0.000000000000000000e+00
-7.535000000000009912e+00 0.000000000000000000e+00
-7.525000000000010125e+00 0.000000000000000000e+00
-7.515000000000010338e+00 0.000000000000000000e+00
-7.505000000000010552e+00 0.000000000000000000e+00
-7.495000000000010765e+00 0.000000000000000000e+00
-7.485000000000010978e+00 0.000000000000000000e+00
-7.475000000000011191e+00 0.000000000000000000e+00
-7.465000000000011404e+00 0.000000000000000000e+00
-7.455000000000011617e+00 0.000000000000000000e+00
-7.445000000000011831e+00 0.000000000000000000e+00
-7.435000000000012044e+00 0.000000000000000000e+00
-7.425000000000012257e+00 0.000000000000000000e+00
-7.415000000000012470e+00 0.000000000000000000e+00
-7.405000000000012683e+00 0.000000000000000000e+00
-7.395000000000012896e+00 0.000000000000000000e+00
-7.385000000000013110e+00 0.000000000000000000e+00
-7.375000000000013323e+00 0.000000000000000000e+00
-7.365000000000013536e+00 0.000000000000000000e+00
-7.355000000000013749e+00 0.000000000000000000e+00
-7.345000000000013962e+00 0.000000000000000000e+00
-7.335000000000014175e+00 1.951210079944211084e-09
-7.325000000000014388e+00 2.896345395834672483e-09
-7.315000000000014602e+00 1.596403882726123495e-08
-7.305000000000014815e+00 3.527918434607837261e-08
-7.295000000000015028e+00 6.744957171010324613e-08
-7.285000000000015241e+00 9.859446364647572985e-08
-7.275000000000015454e+00 1.544153499406993250e-07
-7.265000000000015667e+00 2.336195024227711279e-07
-7.255000000000015881e+00 3.683107950404922703e-07
-7.245000000000016094e+00 5.461565019815114197e-07
-7.235000000000016307e+00 7.930755905680344249e-07
-7.225000000000016520e+00 1.120949041900958298e-06
-7.215000000000016733e+00 1.577890598652405053e-06
-7.205000000000016946e+00 2.170601195244375161e-06
-7.195000000000017160e+00 2.970479793166087965e-06
-7.185000000000017373e+00 4.072404507090602570e-06
-7.175000000000017586e+00 5.488939826996722647e-06
-7.165000000000017799e+00 7.323730867388047098e-06
-7.155000000000018012e+00 9.694067060573861023e-06
-7.145000000000018225e+00 1.272686420035385120e-05
-7.135000000000018439e+00 1.652425998692081611e-05
-7.125000000000018652e+00 2.125982784041236139e-05
-7.115000000000018865e+00 2.715735398284561708e-05
-7.105000000000019078e+00 3.442252211563207059e-05
-7.095000000000019291e+00 4.329232793081550976e-05
-7.085000000000019504e+00 5.393292784043039365e-05
-7.075000000000019718e+00 6.667400562953833157e-05
-7.065000000000019931e+00 8.176176391658370943e-05
-7.055000000000020144e+00 9.952914841160295540e-05
-7.045000000000020357e+00 1.202301152516629148e-04
-7.035000000000020570e+00 1.441337001730394040e-04
-7.025000000000020783e+00 1.715739652336303064e-04
-7.015000000000020997e+00 2.027343802373479968e-04
-7.005000000000021210e+00 2.378566062129630957e-04
-6.995000000000021423e+00 2.771468151530255704e-04
-6.985000000000021636e+00 3.208304791887220983e-04
-6.975000000000021849e+00 3.689838629291952504e-04
-6.965000000000022062e+00 4.216880360516650494e-04
-6.955000000000022276e+00 4.790006884472270028e-04
-6.945000000000022489e+00 5.409233932575366810e-04
-6.935000000000022702e+00 6.075955651216354133e-04
-6.925000000000022915e+00 6.788097222172321437e-04
-6.915000000000023128e+00 7.545980087647135518e-04
-6.905000000000023341e+00 8.349699026931789621e-04
-6.895000000000023554e+00 9.198421522633394489e-04
-6.885000000000023768e+00 1.009198459517173440e-03
-6.875000000000023981e+00 1.103064280336201256e-03
-6.865000000000024194e+00 1.201602269449396354e-03
-6.855000000000024407e+00 1.304942265616852205e-03
-6.845000000000024620e+00 1.413282924883765140e-03
-6.835000000000024833e+00 1.526873514800397395e-03
-6.825000000000025047e+00 1.646063332894863711e-03
-6.815000000000025260e+00 1.771394926412234389e-03
-6.805000000000025473e+00 1.903271584221885712e-03
-6.795000000000025686e+00 2.042151736365337925e-03
-6.785000000000025899e+00 2.188585393793682395e-03
-6.775000000000026112e+00 2.343226204717593908e-03
-6.765000000000026326e+00 2.506574420745886610e-03
-6.755000000000026539e+00 2.679117587421618249e-03
-6.745000000000026752e+00 2.861353553314272078e-03
-6.735000000000026965e+00 3.053532314973686750e-03
-6.725000000000027178e+00 3.256131485710076975e-03
-6.715000000000027391e+00 3.469165988671620449e-03
-6.705000000000027605e+00 3.692520443648155890e-03
-6.695000000000027818e+00 3.926140175878083637e-03
-6.685000000000028031e+00 4.169806663483612529e-03
-6.675000000000028244e+00 4.422886806153328992e-03
-6.665000000000028457e+00 4.684878936564031149e-03
-6.655000000000028670e+00 4.955083315372394749e-03
-6.645000000000028884e+00 5.232634417084023465e-03
-6.635000000000029097e+00 5.516533816982868189e-03
-6.625000000000029310e+00 5.805797982057847931e-03
-6.615000000000029523e+00 6.099352435552291007e-03
-6.605000000000029736e+00 6.396118415300930914e-03
-6.595000000000029949e+00 6.695116344742381431e-03
-6.585000000000030163e+00 6.995299359616694024e-03
-6.575000000000030376e+00 7.296002296309664521e-03
-6.565000000000030589e+00 7.596352472213639510e-03
-6.555000000000030802e+00 7.895753906054297708e-03
-6.545000000000031015e+00 8.193763734712063498e-03
-6.535000000000031228e+00 8.490300780738181674e-03
-6.525000000000031442e+00 8.785424397426123272e-03
-6.515000000000031655e+00 9.079465166889963759e-03
-6.505000000000031868e+00 9.372877357573175874e-03
-6.495000000000032081e+00 9.666557833308562012e-03
-6.485000000000032294e+00 9.961666801565613460e-03
-6.475000000000032507e+00 1.025938550051084044e-02
-6.465000000000032720e+00 1.056163436349413960e-02
-6.455000000000032934e+00 1.086989215240670784e-02
-6.445000000000033147e+00 1.118671588033239538e-02
-6.435000000000033360e+00 1.151397691789452990e-02
-6.425000000000033573e+00 1.185420791176224238e-02
-6.415000000000033786e+00 1.220977186378030023e-02
-6.405000000000033999e+00 1.258301082839153977e-02
-6.395000000000034213e+00 1.297609870885088612e-02
-6.385000000000034426e+00 1.339121195838705557e-02
-6.375000000000034639e+00 1.382987142330973328e-02
-6.365000000000034852e+00 1.429367963804087198e-02
-6.355000000000035065e+00 1.478321334634993649e-02
-6.345000000000035278e+00 1.529867140800351966e-02
-6.335000000000035492e+00 1.583981819313485043e-02
-6.325000000000035705e+00 1.640537975792014797e-02
-6.315000000000035918e+00 1.699360718653942365e-02
-6.305000000000036131e+00 1.760178442653804673e-02
-6.295000000000036344e+00 1.822687756819878907e-02
-6.285000000000036557e+00 1.886487049479136993e-02
-6.275000000000036771e+00 1.951135930191695567e-02
-6.265000000000036984e+00 2.016120907351253572e-02
-6.255000000000037197e+00 2.080918414817393633e-02
-6.245000000000037410e+00 2.144955986574344220e-02
-6.235000000000037623e+00 2.207687933165082203e-02
-6.225000000000037836e+00 2.268536850138355015e-02
-6.215000000000038050e+00 2.326959443377897563e-02
-6.205000000000038263e+00 2.382465131631417155e-02
-6.195000000000038476e+00 2.434567201458048835e-02
-6.185000000000038689e+00 2.482852781953125837e-02
-6.175000000000038902e+00 2.526973437357585284e-02
-6.165000000000039115e+00 2.566665853796957011e-02
-6.155000000000039329e+00 2.601719467129226179e-02
-6.145000000000039542e+00 2.631991409854654226e-02
-6.135000000000039755e+00 2.657455174671044876e-02
-6.125000000000039968e+00 2.678122769856880123e-02
-6.115000000000040181e+00 2.694131555771308792e-02
-6.105000000000040394e+00 2.705642141410936896e-02
-6.095000000000040608e+00 2.712902972161220297e-02
-6.085000000000040821e+00 2.716220600402267232e-02
-6.075000000000041034e+00 2.715972889067810175e-02
-6.065000000000041247e+00 2.712542173937009318e-02
-6.055000000000041460e+00 2.706364482813652939e-02
-6.045000000000041673e+00 2.697907295793264271e-02
-6.035000000000041886e+00 2.687662890490719395e-02
-6.025000000000042100e+00 2.676120364332224347e-02
-6.015000000000042313e+00 2.663726185624159734e-02
-6.005000000000042526e+00 2.650944944294247527e-02
-5.995000000000042739e+00 2.638234410549769940e-02
-5.985000000000042952e+00 2.626004427564100976e-02
-5.975000000000043165e+00 2.614618074815459187e-02
-5.965000000000043379e+00 2.604373848558747331e-02
-5.955000000000043592e+00 2.595538662631144411e-02
-5.945000000000043805e+00 2.588305154980442141e-02
-5.935000000000044018e+00 2.582807943806356143e-02
-5.925000000000044231e+00 2.579141477475709737e-02
-5.915000000000044444e+00 2.577269134237688067e-02
-5.905000000000044658e+00 2.577148820554368142e-02
-5.895000000000044871e+00 2.578660448750918002e-02
-5.885000000000045084e+00 2.581604556795269109e-02
-5.875000000000045297e+00 2.585743180921781098e-02
-5.865000000000045510e+00 2.590808067488246935e-02
-5.855000000000045723e+00 2.596463763902951208e-02
-5.845000000000045937e+00 2.602348999955551856e-02
-5.835000000000046150e+00 2.608085560513189599e-02
-5.825000000000046363e+00 2.613310144837600532e-02
-5.815000000000046576e+00 2.617619442492880727e-02
-5.805000000000046789e+00 2.620636886799215803e-02
-5.795000000000047002e+00 2.621979284282284495e-02
-5.785000000000047216e+00 2.621329106441118439e-02
-5.775000000000047429e+00 2.618374106247980601e-02
-5.765000000000047642e+00 2.612850588862189807e-02
-5.755000000000047855e+00 2.604537473519138654e-02
-5.745000000000048068e+00 2.593269590689230991e-02
-5.735000000000048281e+00 2.578943413471000007e-02
-5.725000000000048495e+00 2.561509833459366808e-02
-5.715000000000048708e+00 2.540960124651283486e-02
-5.705000000000048921e+00 2.517375528448676306e-02
-5.695000000000049134e+00 2.490863842737584335e-02
-5.685000000000049347e+00 2.461611606884528056e-02
-5.675000000000049560e+00 2.429842579700136271e-02
-5.665000000000049774e+00 2.395823702741410599e-02
-5.655000000000049987e+00 2.359829509546401347e-02
-5.645000000000050200e+00 2.322207796394833157e-02
-5.635000000000050413e+00 2.283244946777018142e-02
-5.625000000000050626e+00 2.243346479717490266e-02
-5.615000000000050839e+00 2.202814009280174012e-02
-5.605000000000051052e+00 2.161995816425115943e-02
-5.595000000000051266e+00 2.121197425831093664e-02
-5.585000000000051479e+00 2.080717177153640005e-02
-5.575000000000051692e+00 2.040798613267066908e-02
-5.565000000000051905e+00 2.001682987330271127e-02
-5.555000000000052118e+00 1.963577716489254069e-02
-5.545000000000052331e+00 1.926651649269763011e-02
-5.535000000000052545e+00 1.891035531207349227e-02
-5.525000000000052758e+00 1.856810514695009587e-02
-5.515000000000052971e+00 1.824106211811933262e-02
-5.505000000000053184e+00 1.792955783135751630e-02
-5.495000000000053397e+00 1.763417227717007166e-02
-5.485000000000053610e+00 1.735532181140323968e-02
-5.475000000000053824e+00 1.709307752584238171e-02
-5.465000000000054037e+00 1.684773366871239811e-02
-5.455000000000054250e+00 1.661991977940390983e-02
-5.445000000000054463e+00 1.640971011864723883e-02
-5.435000000000054676e+00 1.621751302029317277e-02
-5.425000000000054889e+00 1.604332523419695761e-02
-5.415000000000055103e+00 1.588811633696836714e-02
-5.405000000000055316e+00 1.575223478101331689e-02
-5.395000000000055529e+00 1.563644164608128315e-02
-5.385000000000055742e+00 1.554140825864790305e-02
-5.375000000000055955e+00 1.546802478806406922e-02
-5.365000000000056168e+00 1.541733982375542017e-02
-5.355000000000056382e+00 1.539082747119610572e-02
-5.345000000000056595e+00 1.538972041160383344e-02
-5.335000000000056808e+00 1.541584180372771069e-02
-5.325000000000057021e+00 1.547063016423514716e-02
-5.315000000000057234e+00 1.555593457357202884e-02
-5.305000000000057447e+00 1.567358698278237955e-02
-5.295000000000057661e+00 1.582528416044778549e-02
-5.285000000000057874e+00 1.601255084803275552e-02
-5.275000000000058087e+00 1.623659861855216574e-02
-5.265000000000058300e+00 1.649798016859187894e-02
-5.255000000000058513e+00 1.679692179455041789e-02
-5.245000000000058726e+00 1.713280277869167270e-02
-5.235000000000058940e+00 1.750405084832965322e-02
-5.225000000000059153e+00 1.790815674330748300e-02
-5.215000000000059366e+00 1.834150482726737419e-02
-5.205000000000059579e+00 1.880005872459820579e-02
-5.195000000000059792e+00 1.927809113607068317e-02
-5.185000000000060005e+00 1.976915064469616026e-02
-5.175000000000060218e+00 2.026618233160713128e-02
-5.165000000000060432e+00 2.076169825206378161e-02
-5.155000000000060645e+00 2.124789188857393457e-02
-5.145000000000060858e+00 2.171667995319993133e-02
-5.135000000000061071e+00 2.216032114768522188e-02
-5.125000000000061284e+00 2.257156455034726658e-02
-5.115000000000061497e+00 2.294371408228813858e-02
-5.105000000000061711e+00 2.327162652994336015e-02
-5.095000000000061924e+00 2.355072995104017311e-02
-5.085000000000062137e+00 2.377787564179667523e-02
-5.075000000000062350e+00 2.395114665706893353e-02
-5.065000000000062563e+00 2.407007687958743689e-02
-5.055000000000062776e+00 2.413536744016541932e-02
-5.045000000000062990e+00 2.414915113830915297e-02
-5.035000000000063203e+00 2.411463055552311163e-02
-5.025000000000063416e+00 2.403559391188890559e-02
-5.015000000000063629e+00 2.391639156769125030e-02
-5.005000000000063842e+00 2.376256684592075244e-02
-4.995000000000064055e+00 2.357939532568431584e-02
-4.985000000000064269e+00 2.337230644677126823e-02
-4.975000000000064482e+00 2.314638867638732500e-02
-4.965000000000064695e+00 2.290691876241851901e-02
-4.955000000000064908e+00 2.265858779007723714e-02
-4.945000000000065121e+00 2.240558618621569034e-02
-4.935000000000065334e+00 2.215161290385596685e-02
-4.925000000000065548e+00 2.189962003125242238e-02
-4.915000000000065761e+00 2.165199163185629189e-02
-4.905000000000065974e+00 2.141073915451641510e-02
-4.895000000000066187e+00 2.117704112148671020e-02
-4.885000000000066400e+00 2.095212569801560565e-02
-4.875000000000066613e+00 2.073585330210123839e-02
-4.865000000000066827e+00 2.052835344576289106e-02
-4.855000000000067040e+00 2.032956713001635510e-02
-4.845000000000067253e+00 2.013883539128102917e-02
-4.835000000000067466e+00 1.995534935875095325e-02
-4.825000000000067679e+00 1.977842201192898941e-02
-4.815000000000067892e+00 1.960687889981529985e-02
-4.805000000000068106e+00 1.943982338507247928e-02
-4.795000000000068319e+00 1.927631177526063430e-02
-4.785000000000068532e+00 1.911554390606226561e-02
-4.775000000000068745e+00 1.895664995848065498e-02
-4.765000000000068958e+00 1.879887489337149845e-02
-4.755000000000069171e+00 1.864163219053692477e-02
-4.745000000000069384e+00 1.848436190596958531e-02
-4.735000000000069598e+00 1.832679495838243633e-02
-4.725000000000069811e+00 1.816886493202973449e-02
-4.715000000000070024e+00 1.801062670514731734e-02
-4.705000000000070237e+00 1.785185799779526877e-02
-4.695000000000070450e+00 1.769328438961332781e-02
-4.685000000000070663e+00 1.753529245461206768e-02
-4.675000000000070877e+00 1.737840895818174719e-02
-4.665000000000071090e+00 1.722384886878826696e-02
-4.655000000000071303e+00 1.707259631349665463e-02
-4.645000000000071516e+00 1.692551960302486960e-02
-4.635000000000071729e+00 1.678413296749821024e-02
-4.625000000000071942e+00 1.664986585441854960e-02
-4.615000000000072156e+00 1.652432691150395802e-02
-4.605000000000072369e+00 1.640875952051513292e-02
-4.595000000000072582e+00 1.630511950331186774e-02
-4.585000000000072795e+00 1.621466928580241398e-02
-4.575000000000073008e+00 1.613942572349326074e-02
-4.565000000000073221e+00 1.608068250348293482e-02
-4.555000000000073435e+00 1.603974238826888152e-02
-4.545000000000073648e+00 1.601736565334264603e-02
-4.535000000000073861e+00 1.601524606964262534e-02
-4.525000000000074074e+00 1.603377958020664809e-02
-4.515000000000074287e+00 1.607369551405558525e-02
-4.505000000000074500e+00 1.613536087546094122e-02
-4.495000000000074714e+00 1.621895938466835427e-02
-4.485000000000074927e+00 1.632488788455990769e-02
-4.475000000000075140e+00 1.645250642480442643e-02
-4.465000000000075353e+00 1.660213649633331817e-02
-4.455000000000075566e+00 1.677307514116239615e-02
-4.445000000000075779e+00 1.696523304761093920e-02
-4.435000000000075993e+00 1.717805139727507716e-02
-4.425000000000076206e+00 1.741103033332984037e-02
-4.415000000000076419e+00 1.766374593867915677e-02
-4.405000000000076632e+00 1.793578708852370043e-02
-4.395000000000076845e+00 1.822631063199475765e-02
-4.385000000000077058e+00 1.853461214421089562e-02
-4.375000000000077272e+00 1.886004772605735444e-02
-4.365000000000077485e+00 1.920157924910071909e-02
-4.355000000000077698e+00 1.955829830036047434e-02
-4.345000000000077911e+00 1.992889195724656740e-02
-4.335000000000078124e+00 2.031230410591995314e-02
-4.325000000000078337e+00 2.070701829573293185e-02
-4.315000000000078550e+00 2.111139909118175603e-02
-4.305000000000078764e+00 2.152378756771431909e-02
-4.295000000000078977e+00 2.194209153586906477e-02
-4.285000000000079190e+00 2.236492085973133120e-02
-4.275000000000079403e+00 2.279028349782263527e-02
-4.265000000000079616e+00 2.321631956562448737e-02
-4.255000000000079829e+00 2.364136485479162442e-02
-4.245000000000080043e+00 2.406342977941506103e-02
-4.235000000000080256e+00 2.448103809214001794e-02
-4.225000000000080469e+00 2.489218940853272360e-02
-4.215000000000080682e+00 2.529539830148262725e-02
-4.205000000000080895e+00 2.568903032463246486e-02
-4.195000000000081108e+00 2.607097305507192694e-02
-4.185000000000081322e+00 2.643973064179340818e-02
-4.175000000000081535e+00 2.679325482626943727e-02
-4.165000000000081748e+00 2.712936470127480168e-02
-4.155000000000081961e+00 2.744577458973038522e-02
-4.145000000000082174e+00 2.774007311182755120e-02
-4.135000000000082387e+00 2.800978727646287122e-02
-4.125000000000082601e+00 2.825214970017823554e-02
-4.115000000000082814e+00 2.846467311372797432e-02
-4.105000000000083027e+00 2.864470085388704998e-02
-4.095000000000083240e+00 2.878957887872503341e-02
-4.085000000000083453e+00 2.889708274838821006e-02
-4.075000000000083666e+00 2.896499861528129341e-02
-4.065000000000083880e+00 2.899191081810920459e-02
-4.055000000000084093e+00 2.897632751262517806e-02
-4.045000000000084306e+00 2.891735893203135205e-02
-4.035000000000084519e+00 2.881483528813705980e-02
-4.025000000000084732e+00 2.866911588663810170e-02
-4.015000000000084945e+00 2.848090708267841942e-02
-4.005000000000085159e+00 2.825175693419967882e-02
-3.995000000000085372e+00 2.798357054719640899e-02
-3.985000000000085585e+00 2.767892756168181118e-02
-3.975000000000085798e+00 2.734062826585421241e-02
-3.965000000000086011e+00 2.697218568182383966e-02
-3.955000000000086224e+00 2.657730423697088687e-02
-3.945000000000086438e+00 2.616032851124028974e-02
-3.935000000000086651e+00 2.572498769712929303e-02
-3.925000000000086864e+00 2.527610652879860517e-02
-3.915000000000087077e+00 2.481782467219962110e-02
-3.905000000000087290e+00 2.435448105810509786e-02
-3.895000000000087503e+00 2.389040322532332700e-02
-3.885000000000087717e+00 2.342932222293120370e-02
-3.875000000000087930e+00 2.297493987248537539e-02
-3.865000000000088143e+00 2.253046625434367359e-02
-3.855000000000088356e+00 2.209870275458135358e-02
-3.845000000000088569e+00 2.168180377308254539e-02
-3.835000000000088782e+00 2.128188465018477846e-02
-3.825000000000088995e+00 2.090011559354075857e-02
-3.815000000000089209e+00 2.053726796983812788e-02
-3.805000000000089422e+00 2.019385452861419475e-02
-3.795000000000089635e+00 1.986973330524734876e-02
-3.785000000000089848e+00 1.956460534185567104e-02
-3.775000000000090061e+00 1.927797140352199845e-02
-3.765000000000090274e+00 1.900874942820376945e-02
-3.755000000000090488e+00 1.875612761461904060e-02
-3.745000000000090701e+00 1.851904830220467077e-02
-3.735000000000090914e+00 1.829669387244546239e-02
-3.725000000000091127e+00 1.808775910418970040e-02
-3.715000000000091340e+00 1.789192113606459175e-02
-3.705000000000091553e+00 1.770834113267938034e-02
-3.695000000000091767e+00 1.753658572001997110e-02
-3.685000000000091980e+00 1.737626399985496908e-02
-3.675000000000092193e+00 1.722713801665579081e-02
-3.665000000000092406e+00 1.708991125929090402e-02
-3.655000000000092619e+00 1.696392400084162366e-02
-3.645000000000092832e+00 1.685010819373311541e-02
-3.635000000000093046e+00 1.674870807188279243e-02
-3.625000000000093259e+00 1.666035369515769804e-02
-3.615000000000093472e+00 1.658554296304813602e-02
-3.605000000000093685e+00 1.652503808153032300e-02
-3.595000000000093898e+00 1.647935444402450975e-02
-3.585000000000094111e+00 1.644918506884066739e-02
-3.575000000000094325e+00 1.643496855239293813e-02
-3.565000000000094538e+00 1.643742143536517861e-02
-3.555000000000094751e+00 1.645637571180880165e-02
-3.545000000000094964e+00 1.649206967849237149e-02
-3.535000000000095177e+00 1.654426056296812511e-02
-3.525000000000095390e+00 1.661248516279955484e-02
-3.515000000000095604e+00 1.669589242709426657e-02
-3.505000000000095817e+00 1.679374860612075845e-02
-3.495000000000096030e+00 1.690469191688800943e-02
-3.485000000000096243e+00 1.702747071149427263e-02
-3.475000000000096456e+00 1.716009365048277654e-02
-3.465000000000096669e+00 1.730097068891840381e-02
-3.455000000000096883e+00 1.744821392578378358e-02
-3.445000000000097096e+00 1.759958605172901036e-02
-3.435000000000097309e+00 1.775342337510473628e-02
-3.425000000000097522e+00 1.790736871360152499e-02
-3.415000000000097735e+00 1.805995845130241653e-02
-3.405000000000097948e+00 1.820941892512497121e-02
-3.395000000000098161e+00 1.835430820971737514e-02
-3.385000000000098375e+00 1.849354278892288012e-02
-3.375000000000098588e+00 1.862572347491132235e-02
-3.365000000000098801e+00 1.875040295353505235e-02
-3.355000000000099014e+00 1.886700481968565241e-02
-3.345000000000099227e+00 1.897495249938010303e-02
-3.335000000000099440e+00 1.907408769615636865e-02
-3.325000000000099654e+00 1.916426929285285422e-02
-3.315000000000099867e+00 1.924552525230194960e-02
-3.305000000000100080e+00 1.931761739374107667e-02
-3.295000000000100293e+00 1.938082709864902275e-02
-3.285000000000100506e+00 1.943520212166161693e-02
-3.275000000000100719e+00 1.948057820491318898e-02
-3.265000000000100933e+00 1.951707434123966384e-02
-3.255000000000101146e+00 1.954444661536084565e-02
-3.245000000000101359e+00 1.956262841313933729e-02
-3.235000000000101572e+00 1.957149469019990248e-02
-3.225000000000101785e+00 1.957100888959012464e-02
-3.215000000000101998e+00 1.956084725719006018e-02
-3.205000000000102212e+00 1.954090427501291652e-02
-3.195000000000102425e+00 1.951097682427467214e-02
-3.185000000000102638e+00 1.947145516599178491e-02
-3.175000000000102851e+00 1.942230387277537815e-02
-3.165000000000103064e+00 1.936371465343965023e-02
-3.155000000000103277e+00 1.929619532377645913e-02
-3.145000000000103491e+00 1.922035539578977048e-02
-3.135000000000103704e+00 1.913682378972064724e-02
-3.125000000000103917e+00 1.904692828527450657e-02
-3.115000000000104130e+00 1.895161735168372427e-02
-3.105000000000104343e+00 1.885233740328474961e-02
-3.095000000000104556e+00 1.875041050785642913e-02
-3.085000000000104770e+00 1.864741407859315733e-02
-3.075000000000104983e+00 1.854505883184233081e-02
-3.065000000000105196e+00 1.844460369384473553e-02
-3.055000000000105409e+00 1.834795588552371945e-02
-3.045000000000105622e+00 1.825658082671081234e-02
-3.035000000000105835e+00 1.817206849963412876e-02
-3.025000000000106049e+00 1.809554760162350798e-02
-3.015000000000106262e+00 1.802837389294953754e-02
-3.005000000000106475e+00 1.797180183843903600e-02
-2.995000000000106688e+00 1.792651769410930074e-02
-2.985000000000106901e+00 1.789365331936039819e-02
-2.975000000000107114e+00 1.787344532455738613e-02
-2.965000000000107327e+00 1.786665696165482681e-02
-2.955000000000107541e+00 1.787362497370782385e-02
-2.945000000000107754e+00 1.789455495109569180e-02
-2.935000000000107967e+00 1.792971133007951676e-02
-2.925000000000108180e+00 1.797909833242961053e-02
-2.915000000000108393e+00 1.804262063572897867e-02
-2.905000000000108606e+00 1.811992237152778781e-02
-2.895000000000108820e+00 1.821089805625345642e-02
-2.885000000000109033e+00 1.831538554472544530e-02
-2.875000000000109246e+00 1.843279350212512560e-02
-2.865000000000109459e+00 1.856262060724868032e-02
-2.855000000000109672e+00 1.870457683726469561e-02
-2.845000000000109885e+00 1.885835683598774404e-02
-2.835000000000110099e+00 1.902303014986083188e-02
-2.825000000000110312e+00 1.919811828458135861e-02
-2.815000000000110525e+00 1.938324837021061786e-02
-2.805000000000110738e+00 1.957781329585441335e-02
-2.795000000000110951e+00 1.978094356316569685e-02
-2.785000000000111164e+00 1.999252305399991381e-02
-2.775000000000111378e+00 2.021161321783739723e-02
-2.765000000000111591e+00 2.043752155923726083e-02
-2.755000000000111804e+00 2.066939510363873661e-02
-2.745000000000112017e+00 2.090698980718241548e-02
-2.735000000000112230e+00 2.114902892617931060e-02
-2.725000000000112443e+00 2.139508820162745392e-02
-2.715000000000112657e+00 2.164402100717981864e-02
-2.705000000000112870e+00 2.189505117878940560e-02
-2.695000000000113083e+00 2.214675559961522960e-02
-2.685000000000113296e+00 2.239858802629531714e-02
-2.675000000000113509e+00 2.264934668109286342e-02
-2.665000000000113722e+00 2.289900841966100581e-02
-2.655000000000113936e+00 2.314668485723149483e-02
-2.645000000000114149e+00 2.339242828585741396e-02
-2.635000000000114362e+00 2.363657690790851515e-02
-2.625000000000114575e+00 2.387956704548120646e-02
-2.615000000000114788e+00 2.412284340197200228e-02
-2.605000000000115001e+00 2.436823750006509443e-02
-2.595000000000115215e+00 2.461752448369618207e-02
-2.585000000000115428e+00 2.487348060642275566e-02
-2.575000000000115641e+00 2.513909938312509917e-02
-2.565000000000115854e+00 2.541807285080426027e-02
-2.555000000000116067e+00 2.571397400125989552e-02
-2.545000000000116280e+00 2.603044632212996728e-02
-2.535000000000116493e+00 2.637136555010482358e-02
-2.525000000000116707e+00 2.674001900039545132e-02
-2.515000000000116920e+00 2.713975958130676602e-02
-2.505000000000117133e+00 2.757254598930298367e-02
-2.495000000000117346e+00 2.804035645943191504e-02
-2.485000000000117559e+00 2.854354181278530300e-02
-2.475000000000117772e+00 2.908167839252267031e-02
-2.465000000000117986e+00 2.965306381742309483e-02
-2.455000000000118199e+00 3.025447675884594331e-02
-2.445000000000118412e+00 3.088184663191158308e-02
-2.435000000000118625e+00 3.152922577172089652e-02
-2.425000000000118838e+00 3.218971659525479007e-02
-2.415000000000119051e+00 3.285514449967811418e-02
-2.405000000000119265e+00 3.351664724346550828e-02
-2.395000000000119478e+00 3.416450609419229012e-02
-2.385000000000119691e+00 3.478845799342545481e-02
-2.375000000000119904e+00 3.537820733438794968e-02
-2.365000000000120117e+00 3.592388847897731025e-02
-2.355000000000120330e+00 3.641592258649276048e-02
-2.345000000000120544e+00 3.684582638070645066e-02
-2.335000000000120757e+00 3.720581408027341663e-02
-2.325000000000120970e+00 3.749000736449709797e-02
-2.315000000000121183e+00 3.769430118402771618e-02
-2.305000000000121396e+00 3.781602259164219132e-02
-2.295000000000121609e+00 3.785465290371486935e-02
-2.285000000000121823e+00 3.781183809240418886e-02
-2.275000000000122036e+00 3.769107137381906558e-02
-2.265000000000122249e+00 3.749742639375637510e-02
-2.255000000000122462e+00 3.723809429635928370e-02
-2.245000000000122675e+00 3.692104022800783009e-02
-2.235000000000122888e+00 3.655591451795382057e-02
-2.225000000000123102e+00 3.615271835554877827e-02
-2.215000000000123315e+00 3.572191605195952635e-02
-2.205000000000123528e+00 3.527440842103356927e-02
-2.195000000000123741e+00 3.482040195558386980e-02
-2.185000000000123954e+00 3.436972503940442791e-02
-2.175000000000124167e+00 3.393119019643402179e-02
-2.165000000000124381e+00 3.351269205961700942e-02
-2.155000000000124594e+00 3.312125763874831236e-02
-2.145000000000124807e+00 3.276200920000776895e-02
-2.135000000000125020e+00 3.243913887273228158e-02
-2.125000000000125233e+00 3.215527910644482013e-02
-2.115000000000125446e+00 3.191195386697024544e-02
-2.105000000000125659e+00 3.170959366952235542e-02
-2.095000000000125873e+00 3.154745452060665062e-02
-2.085000000000126086e+00 3.142424538659866623e-02
-2.075000000000126299e+00 3.133739680940752365e-02
-2.065000000000126512e+00 3.128468996471180097e-02
-2.055000000000126725e+00 3.126290938229195349e-02
-2.045000000000126938e+00 3.126859265637454977e-02
-2.035000000000127152e+00 3.129889713460721340e-02
-2.025000000000127365e+00 3.135073612716572644e-02
-2.015000000000127578e+00 3.142105283015846767e-02
-2.005000000000127791e+00 3.150717663481728686e-02
-1.995000000000128004e+00 3.160692794293774172e-02
-1.985000000000128217e+00 3.171853502488305304e-02
-1.975000000000128431e+00 3.183989177346415594e-02
-1.965000000000128644e+00 3.197024148455446246e-02
-1.955000000000128857e+00 3.210916587932879235e-02
-1.945000000000129070e+00 3.225537136033961721e-02
-1.935000000000129283e+00 3.240891570738041461e-02
-1.925000000000129496e+00 3.256980777004658129e-02
-1.915000000000129710e+00 3.273788032104886503e-02
-1.905000000000129923e+00 3.291339057881238761e-02
-1.895000000000130136e+00 3.309668142421129389e-02
-1.885000000000130349e+00 3.328741559502378794e-02
-1.875000000000130562e+00 3.348554457848279542e-02
-1.865000000000130775e+00 3.369076758952972012e-02
-1.855000000000130989e+00 3.390206698274815522e-02
-1.845000000000131202e+00 3.411928312645984979e-02
-1.835000000000131415e+00 3.434101362428303855e-02
-1.825000000000131628e+00 3.456611882402493147e-02
-1.815000000000131841e+00 3.479306167013807710e-02
-1.805000000000132054e+00 3.502013775075521473e-02
-1.795000000000132268e+00 3.524572674374473746e-02
-1.785000000000132481e+00 3.546823222872601961e-02
-1.775000000000132694e+00 3.568581736847510621e-02
-1.765000000000132907e+00 3.589712950688452725e-02
-1.755000000000133120e+00 3.610092931877526695e-02
-1.745000000000133333e+00 3.629609772686631652e-02
-1.735000000000133547e+00 3.648221755648918541e-02
-1.725000000000133760e+00 3.665890797011919083e-02
-1.715000000000133973e+00 3.682679747139637472e-02
-1.705000000000134186e+00 3.698606525917035731e-02
-1.695000000000134399e+00 3.713844745544829518e-02
-1.685000000000134612e+00 3.728526903496492961e-02
-1.675000000000134825e+00 3.742934995680359533e-02
-1.665000000000135039e+00 3.757294470541809595e-02
-1.655000000000135252e+00 3.771957199265981581e-02
-1.645000000000135465e+00 3.787261325290076919e-02
-1.635000000000135678e+00 3.803627480974389186e-02
-1.625000000000135891e+00 3.821485890201295477e-02
-1.615000000000136104e+00 3.841251392473857273e-02
-1.605000000000136318e+00 3.863377916518707933e-02
-1.595000000000136531e+00 3.888308292050602494e-02
-1.585000000000136744e+00 3.916492010485403408e-02
-1.575000000000136957e+00 3.948308021994207523e-02
-1.565000000000137170e+00 3.984079997273321655e-02
-1.555000000000137383e+00 4.024126528217649573e-02
-1.545000000000137597e+00 4.068713526865581215e-02
-1.535000000000137810e+00 4.117946175121817154e-02
-1.525000000000138023e+00 4.171941054341875982e-02
-1.515000000000138236e+00 4.230639653043680865e-02
-1.505000000000138449e+00 4.293883046081748561e-02
-1.495000000000138662e+00 4.361445197591037881e-02
-1.485000000000138876e+00 4.432977321995084513e-02
-1.475000000000139089e+00 4.507965217909996880e-02
-1.465000000000139302e+00 4.585811487917794416e-02
-1.455000000000139515e+00 4.665755760845277655e-02
-1.445000000000139728e+00 4.746981543999526792e-02
-1.435000000000139941e+00 4.828462986990348510e-02
-1.425000000000140155e+00 4.909110040862078861e-02
-1.415000000000140368e+00 4.987752129451689803e-02
-1.405000000000140581e+00 5.063144098303796331e-02
-1.395000000000140794e+00 5.133961048204486316e-02
-1.385000000000141007e+00 5.198838248330790029e-02
-1.375000000000141220e+00 5.256446735561071809e-02
-1.365000000000141434e+00 5.305497482314418256e-02
-1.355000000000141647e+00 5.344786793508767009e-02
-1.345000000000141860e+00 5.373175441847772432e-02
-1.335000000000142073e+00 5.389770264623787444e-02
-1.325000000000142286e+00 5.393828153466430353e-02
-1.315000000000142499e+00 5.384876422553094844e-02
-1.305000000000142713e+00 5.362669205305332226e-02
-1.295000000000142926e+00 5.327281440156354103e-02
-1.285000000000143139e+00 5.279070461925527286e-02
-1.275000000000143352e+00 5.218655975914116008e-02
-1.265000000000143565e+00 5.146989507308282613e-02
-1.255000000000143778e+00 5.065262610963229550e-02
-1.245000000000143991e+00 4.974885572663164529e-02
-1.235000000000144205e+00 4.877504467997520465e-02
-1.225000000000144418e+00 4.774824777392122632e-02
-1.215000000000144631e+00 4.668733112376845934e-02
-1.205000000000144844e+00 4.561086127932822976e-02
-1.195000000000145057e+00 4.453756326940434829e-02
-1.185000000000145270e+00 4.348545560857752096e-02
-1.175000000000145484e+00 4.247089409102272617e-02
-1.165000000000145697e+00 4.150947170411016518e-02
-1.155000000000145910e+00 4.061372679589210499e-02
-1.145000000000146123e+00 3.979418013800951892e-02
-1.135000000000146336e+00 3.905993257693624043e-02
-1.125000000000146549e+00 3.841596781270670974e-02
-1.115000000000146763e+00 3.786569033168395160e-02
-1.105000000000146976e+00 3.740988557841198187e-02
-1.095000000000147189e+00 3.704652010101627813e-02
-1.085000000000147402e+00 3.677180476641951634e-02
-1.075000000000147615e+00 3.658025346228864494e-02
-1.065000000000147828e+00 3.646431223565047008e-02
-1.055000000000148042e+00 3.641599094578157336e-02
-1.045000000000148255e+00 3.642593859421842245e-02
-1.035000000000148468e+00 3.648463622130437151e-02
-1.025000000000148681e+00 3.658286984171452844e-02
-1.015000000000148894e+00 3.671150514666267350e-02
-1.005000000000149107e+00 3.686263566809227371e-02
-9.950000000001493206e-01 3.702883422294737242e-02
-9.850000000001495337e-01 3.720394132545643689e-02
-9.750000000001497469e-01 3.738396948448315105e-02
-9.650000000001499600e-01 3.756591638807404293e-02
-9.550000000001501732e-01 3.774790310107885988e-02
-9.450000000001503864e-01 3.792995649191350377e-02
-9.350000000001505995e-01 3.811294598777635600e-02
-9.250000000001508127e-01 3.829876005048694909e-02
-9.150000000001510259e-01 3.849038627484016595e-02
-9.050000000001512390e-01 3.869030056930137379e-02
-8.950000000001514522e-01 3.890200995000019785e-02
-8.850000000001516653e-01 3.912799073798190613e-02
-8.750000000001518785e-01 3.936995194410575216e-02
-8.650000000001520917e-01 3.962888668336438797e-02
-8.550000000001523048e-01 3.990546793148909421e-02
-8.450000000001525180e-01 4.019810820656926492e-02
-8.350000000001527312e-01 4.050482793391304431e-02
-8.250000000001529443e-01 4.082236995275190933e-02
-8.150000000001531575e-01 4.114641125359205093e-02
-8.050000000001533706e-01 4.147214524630406240e-02
-7.950000000001535838e-01 4.179439880011564384e-02
-7.850000000001537970e-01 4.210748824342350899e-02
-7.750000000001540101e-01 4.240577633949195457e-02
-7.650000000001542233e-01 4.268484370727752830e-02
-7.550000000001544365e-01 4.294015517295855788e-02
-7.450000000001546496e-01 4.316821315693302602e-02
-7.350000000001548628e-01 4.336649769655743364e-02
-7.250000000001550760e-01 4.353375984949857391e-02
-7.150000000001552891e-01 4.366950435528577784e-02
-7.050000000001555023e-01 4.377427530040035181e-02
-6.950000000001557154e-01 4.384953495355058822e-02
-6.850000000001559286e-01 4.389737149172386749e-02
-6.750000000001561418e-01 4.392000776813430318e-02
-6.650000000001563549e-01 4.392051205667159980e-02
-6.550000000001565681e-01 4.390147939511771652e-02
-6.450000000001567813e-01 4.386608793559327452e-02
-6.350000000001569944e-01 4.381665982307113988e-02
-6.250000000001572076e-01 4.375608852208633104e-02
-6.150000000001574207e-01 4.368640427212919924e-02
-6.050000000001576339e-01 4.360972104902382379e-02
-5.950000000001578471e-01 4.352772777440061525e-02
-5.850000000001580602e-01 4.344202051686310573e-02
-5.750000000001582734e-01 4.335495830343050194e-02
-5.650000000001584866e-01 4.326829919456991885e-02
-5.550000000001586997e-01 4.318410878204895220e-02
-5.450000000001589129e-01 4.310502832483941588e-02
-5.350000000001591260e-01 4.303396863454557464e-02
-5.250000000001593392e-01 4.297389464589115859e-02
-5.150000000001595524e-01 4.292798061185092856e-02
-5.050000000001597655e-01 4.289947924058380713e-02
-4.950000000001599787e-01 4.289174773879045333e-02
-4.850000000001601919e-01 4.290725559329547356e-02
-4.750000000001604050e-01 4.294806105980253363e-02
-4.650000000001606182e-01 4.301545690779634556e-02
-4.550000000001608313e-01 4.310931338783233896e-02
-4.450000000001610445e-01 4.322785114145796109e-02
-4.350000000001612577e-01 4.336838028479650387e-02
-4.250000000001614708e-01 4.352559710575849838e-02
-4.150000000001616840e-01 4.369327443250323878e-02
-4.050000000001618972e-01 4.386288864464741449e-02
-3.950000000001621103e-01 4.402483237632907886e-02
-3.850000000001623235e-01 4.416781557504372013e-02
-3.750000000001625367e-01 4.427979250517395660e-02
-3.650000000001627498e-01 4.434825207440264150e-02
-3.550000000001629630e-01 4.436017123957076980e-02
-3.450000000001631761e-01 4.430346439251932333e-02
-3.350000000001633893e-01 4.416651127572428226e-02
-3.250000000001636025e-01 4.393887679081620590e-02
-3.150000000001638156e-01 4.361252371039751191e-02
-3.050000000001640288e-01 4.318079423643543524e-02
-2.950000000001642420e-01 4.263972003679193656e-02
-2.850000000001644551e-01 4.198805939842219226e-02
-2.750000000001646683e-01 4.122660818843518898e-02
-2.650000000001648814e-01 4.035909385213085759e-02
-2.550000000001650946e-01 3.939121239281857811e-02
-2.450000000001653078e-01 3.833059700213822807e-02
-2.350000000001655209e-01 3.718685408119400126e-02
-2.250000000001657341e-01 3.597058517846306314e-02
-2.150000000001659473e-01 3.469318974355274643e-02
-2.050000000001661604e-01 3.336645375118200973e-02
-1.950000000001663736e-01 3.200202768265819619e-02
-1.850000000001665867e-01 3.061125181454781366e-02
-1.750000000001667999e-01 2.920478380175647870e-02
-1.650000000001670131e-01 2.779194892797944016e-02
-1.550000000001672262e-01 2.638108766411919465e-02
-1.450000000001674394e-01 2.497971729931797169e-02
-1.350000000001676526e-01 2.359368494233916522e-02
-1.250000000001678657e-01 2.222821557979332702e-02
-1.150000000001680789e-01 2.088717934633634032e-02
-1.050000000001682920e-01 1.957355067925515418e-02
-9.500000000016850521e-02 1.829013628676133194e-02
-8.500000000016871837e-02 1.703898706183077510e-02
-7.500000000016893154e-02 1.582192804324081964e-02
-6.500000000016914470e-02 1.464113928821468916e-02
-5.500000000016935786e-02 1.349814370387224238e-02
-4.500000000016957102e-02 1.239484671332733053e-02
-3.500000000016978419e-02 1.133338003083028678e-02
-2.500000000016999735e-02 1.031591300066746208e-02
-1.500000000017021051e-02 9.344351577419036936e-03
-5.000000000170423675e-03 8.421263213760486754e-03
4.999999999829363162e-03 7.548670320520002412e-03
1.499999999982915000e-02 6.728178224714716910e-03
2.499999999982893684e-02 5.961559850986696864e-03
3.499999999982872367e-02 5.249840372924871948e-03
4.499999999982851051e-02 4.593491773702681677e-03
5.499999999982829735e-02 3.992715283320950014e-03
6.499999999982808419e-02 3.446747599261929581e-03
7.499999999982787102e-02 2.954577161615089698e-03
8.499999999982765786e-02 2.514411901347025479e-03
9.499999999982744470e-02 2.124011857155565144e-03
1.049999999998272315e-01 1.780717673308613962e-03
1.149999999998270184e-01 1.481455299720722861e-03
1.249999999998268052e-01 1.222756000232727222e-03
1.349999999998265920e-01 1.001252899605299326e-03
1.449999999998263789e-01 8.132338347070249733e-04
1.549999999998261657e-01 6.551648405616250417e-04
1.649999999998259526e-01 5.235138730437703886e-04
1.749999999998257394e-01 4.147939721549056191e-04
1.849999999998255262e-01 3.258434268836594744e-04
1.949999999998253131e-01 2.537860924393798125e-04
2.049999999998250999e-01 1.958686192102282334e-04
2.149999999998248867e-01 1.498562994528304486e-04
2.249999999998246736e-01 1.137079044781485202e-04
2.349999999998244604e-01 8.539009159724374046e-05
2.449999999998242473e-01 6.354476096219840542e-05
2.549999999998240341e-01 4.684567561960897435e-05
2.649999999998238209e-01 3.420678914610352292e-05
2.749999999998236078e-01 2.465119210878039278e-05
2.849999999998233946e-01 1.759821612324459565e-05
2.949999999998231814e-01 1.243906416762655385e-05
3.049999999998229683e-01 8.665135125456728310e-06
3.149999999998227551e-01 5.914208568661235222e-06
3.249999999998225420e-01 3.957168996140751222e-06
3.349999999998223288e-01 2.622657428993215211e-06
3.449999999998221156e-01 1.629552065152592671e-06
3.549999999998219025e-01 9.478567211118578830e-07
3.649999999998216893e-01 5.362208355378953871e-07
3.749999999998214761e-01 2.208128316954347515e-07
3.849999999998212630e-01 6.242864023019614604e-08
3.949999999998210498e-01 2.631140170320986824e-08
4.049999999998208366e-01 1.951210079956098083e-09
4.149999999998206235e-01 0.000000000000000000e+00
4.249999999998204103e-01 0.000000000000000000e+00
4.349999999998201972e-01 0.000000000000000000e+00
4.449999999998199840e-01 0.000000000000000000e+00
4.549999999998197708e-01 0.000000000000000000e+00
4.649999999998195577e-01 0.000000000000000000e+00
4.749999999998193445e-01 0.000000000000000000e+00
4.849999999998191313e-01 0.000000000000000000e+00
4.949999999998189182e-01 0.000000000000000000e+00
5.049999999998187050e-01 0.000000000000000000e+00
5.149999999998184919e-01 0.000000000000000000e+00
5.249999999998182787e-01 0.000000000000000000e+00
5.349999999998180655e-01 0.000000000000000000e+00
5.449999999998178524e-01 0.000000000000000000e+00
5.549999999998176392e-01 0.000000000000000000e+00
5.649999999998174260e-01 0.000000000000000000e+00
5.749999999998172129e-01 0.000000000000000000e+00
5.849999999998169997e-01 0.000000000000000000e+00
5.949999999998167866e-01 0.000000000000000000e+00
6.049999999998165734e-01 0.000000000000000000e+00
6.149999999998163602e-01 0.000000000000000000e+00
6.249999999998161471e-01 0.000000000000000000e+00
6.349999999998159339e-01 0.000000000000000000e+00
6.449999999998157207e-01 0.000000000000000000e+00
6.549999999998155076e-01 0.000000000000000000e+00
6.649999999998152944e-01 0.000000000000000000e+00
6.749999999998150813e-01 0.000000000000000000e+00
6.849999999998148681e-01 0.000000000000000000e+00
6.949999999998146549e-01 0.000000000000000000e+00
7.049999999998144418e-01 0.000000000000000000e+00
7.149999999998142286e-01 0.000000000000000000e+00
7.249999999998140154e-01 0.000000000000000000e+00
7.349999999998138023e-01 0.000000000000000000e+00
7.449999999998135891e-01 0.000000000000000000e+00
7.549999999998133760e-01 0.000000000000000000e+00
7.649999999998131628e-01 0.000000000000000000e+00
7.749999999998129496e-01 0.000000000000000000e+00
7.849999999998127365e-01 0.000000000000000000e+00
7.949999999998125233e-01 0.000000000000000000e+00
8.049999999998123101e-01 0.000000000000000000e+00
8.149999999998120970e-01 0.000000000000000000e+00
8.249999999998118838e-01 0.000000000000000000e+00
8.349999999998116706e-01 0.000000000000000000e+00
8.449999999998114575e-01 0.000000000000000000e+00
8.549999999998112443e-01 0.000000000000000000e+00
8.649999999998110312e-01 0.000000000000000000e+00
8.749999999998108180e-01 0.000000000000000000e+00
8.849999999998106048e-01 0.000000000000000000e+00
8.949999999998103917e-01 0.000000000000000000e+00
9.049999999998101785e-01 0.000000000000000000e+00
9.149999999998099653e-01 0.000000000000000000e+00
9.249999999998097522e-01 0.000000000000000000e+00
9.349999999998095390e-01 0.000000000000000000e+00
9.449999999998093259e-01 0.000000000000000000e+00
9.549999999998091127e-01 0.000000000000000000e+00
9.649999999998088995e-01 0.000000000000000000e+00
9.749999999998086864e-01 0.000000000000000000e+00
9.849999999998084732e-01 0.000000000000000000e+00
9.949999999998082600e-01 0.000000000000000000e+00
1.004999999999808047e+00 0.000000000000000000e+00
1.014999999999807834e+00 0.000000000000000000e+00
1.024999999999807621e+00 0.000000000000000000e+00
1.034999999999807407e+00 0.000000000000000000e+00
1.044999999999807194e+00 0.000000000000000000e+00
1.054999999999806981e+00 0.000000000000000000e+00
1.064999999999806768e+00 0.000000000000000000e+00
1.074999999999806555e+00 0.000000000000000000e+00
1.084999999999806342e+00 0.000000000000000000e+00
1.094999999999806128e+00 0.000000000000000000e+00
1.104999999999805915e+00 0.000000000000000000e+00
1.114999999999805702e+00 0.000000000000000000e+00
1.124999999999805489e+00 0.000000000000000000e+00
1.134999999999805276e+00 0.000000000000000000e+00
1.144999999999805063e+00 0.000000000000000000e+00
1.154999999999804849e+00 0.000000000000000000e+00
1.164999999999804636e+00 0.000000000000000000e+00
1.174999999999804423e+00 0.000000000000000000e+00
1.184999999999804210e+00 0.000000000000000000e+00
1.194999999999803997e+00 0.000000000000000000e+00
1.204999999999803784e+00 0.000000000000000000e+00
1.214999999999803570e+00 0.000000000000000000e+00
1.224999999999803357e+00 0.000000000000000000e+00
1.234999999999803144e+00 0.000000000000000000e+00
1.244999999999802931e+00 0.000000000000000000e+00
1.254999999999802718e+00 0.000000000000000000e+00
1.264999999999802505e+00 0.000000000000000000e+00
1.274999999999802291e+00 0.000000000000000000e+00
1.284999999999802078e+00 0.000000000000000000e+00
1.294999999999801865e+00 0.000000000000000000e+00
1.304999999999801652e+00 0.000000000000000000e+00
1.314999999999801439e+00 0.000000000000000000e+00
1.324999999999801226e+00 0.000000000000000000e+00
1.334999999999801013e+00 0.000000000000000000e+00
1.344999999999800799e+00 0.000000000000000000e+00
1.354999999999800586e+00 0.000000000000000000e+00
1.364999999999800373e+00 0.000000000000000000e+00
1.374999999999800160e+00 0.000000000000000000e+00
1.384999999999799947e+00 0.000000000000000000e+00
1.394999999999799734e+00 0.000000000000000000e+00
1.404999999999799520e+00 0.000000000000000000e+00
1.414999999999799307e+00 0.000000000000000000e+00
1.424999999999799094e+00 0.000000000000000000e+00
1.434999999999798881e+00 0.000000000000000000e+00
1.444999999999798668e+00 0.000000000000000000e+00
1.454999999999798455e+00 0.000000000000000000e+00
1.464999999999798241e+00 0.000000000000000000e+00
1.474999999999798028e+00 0.000000000000000000e+00
1.484999999999797815e+00 0.000000000000000000e+00
1.494999999999797602e+00 0.000000000000000000e+00
1.504999999999797389e+00 0.000000000000000000e+00
1.514999999999797176e+00 0.000000000000000000e+00
1.524999999999796962e+00 0.000000000000000000e+00
1.534999999999796749e+00 0.000000000000000000e+00
1.544999999999796536e+00 0.000000000000000000e+00
1.554999999999796323e+00 0.000000000000000000e+00
1.564999999999796110e+00 0.000000000000000000e+00
1.574999999999795897e+00 0.000000000000000000e+00
1.584999999999795683e+00 0.000000000000000000e+00
1.594999999999795470e+00 0.000000000000000000e+00
1.604999999999795257e+00 0.000000000000000000e+00
1.614999999999795044e+00 0.000000000000000000e+00
1.624999999999794831e+00 0.000000000000000000e+00
1.634999999999794618e+00 0.000000000000000000e+00
1.644999999999794404e+00 0.000000000000000000e+00
1.654999999999794191e+00 0.000000000000000000e+00
1.664999999999793978e+00 0.000000000000000000e+00
1.674999999999793765e+00 0.000000000000000000e+00
1.684999999999793552e+00 0.000000000000000000e+00
1.694999999999793339e+00 0.000000000000000000e+00
1.704999999999793125e+00 0.000000000000000000e+00
1.714999999999792912e+00 0.000000000000000000e+00
1.724999999999792699e+00 0.000000000000000000e+00
1.734999999999792486e+00 0.000000000000000000e+00
1.744999999999792273e+00 0.000000000000000000e+00
1.754999999999792060e+00 0.000000000000000000e+00
1.764999999999791847e+00 0.000000000000000000e+00
1.774999999999791633e+00 0.000000000000000000e+00
1.784999999999791420e+00 0.000000000000000000e+00
1.794999999999791207e+00 0.000000000000000000e+00
1.804999999999790994e+00 0.000000000000000000e+00
1.814999999999790781e+00 0.000000000000000000e+00
1.824999999999790568e+00 0.000000000000000000e+00
1.834999999999790354e+00 0.000000000000000000e+00
1.844999999999790141e+00 0.000000000000000000e+00
1.854999999999789928e+00 0.000000000000000000e+00
1.864999999999789715e+00 0.000000000000000000e+00
1.874999999999789502e+00 0.000000000000000000e+00
1.884999999999789289e+00 0.000000000000000000e+00
1.894999999999789075e+00 0.000000000000000000e+00
1.904999999999788862e+00 0.000000000000000000e+00
1.914999999999788649e+00 0.000000000000000000e+00
1.924999999999788436e+00 0.000000000000000000e+00
1.934999999999788223e+00 0.000000000000000000e+00
1.944999999999788010e+00 0.000000000000000000e+00
1.954999999999787796e+00 0.000000000000000000e+00
1.964999999999787583e+00 0.000000000000000000e+00
1.974999999999787370e+00 0.000000000000000000e+00
1.984999999999787157e+00 0.000000000000000000e+00
1.994999999999786944e+00 0.000000000000000000e+00
2.004999999999786731e+00 0.000000000000000000e+00
2.014999999999786517e+00 0.000000000000000000e+00
2.024999999999786304e+00 0.000000000000000000e+00
2.034999999999786091e+00 0.000000000000000000e+00
2.044999999999785878e+00 0.000000000000000000e+00
2.054999999999785665e+00 0.000000000000000000e+00
2.064999999999785452e+00 0.000000000000000000e+00
2.074999999999785238e+00 0.000000000000000000e+00
2.084999999999785025e+00 0.000000000000000000e+00
2.094999999999784812e+00 0.000000000000000000e+00
2.104999999999784599e+00 0.000000000000000000e+00
2.114999999999784386e+00 0.000000000000000000e+00
2.124999999999784173e+00 0.000000000000000000e+00
2.134999999999783959e+00 0.000000000000000000e+00
2.144999999999783746e+00 0.000000000000000000e+00
2.154999999999783533e+00 0.000000000000000000e+00
2.164999999999783320e+00 0.000000000000000000e+00
2.174999999999783107e+00 0.000000000000000000e+00
2.184999999999782894e+00 0.000000000000000000e+00
2.194999999999782681e+00 0.000000000000000000e+00
2.204999999999782467e+00 0.000000000000000000e+00
2.214999999999782254e+00 0.000000000000000000e+00
2.224999999999782041e+00 0.000000000000000000e+00
2.234999999999781828e+00 0.000000000000000000e+00
2.244999999999781615e+00 0.000000000000000000e+00
2.254999999999781402e+00 0.000000000000000000e+00
2.264999999999781188e+00 0.000000000000000000e+00
2.274999999999780975e+00 0.000000000000000000e+00
2.284999999999780762e+00 0.000000000000000000e+00
2.294999999999780549e+00 0.000000000000000000e+00
2.304999999999780336e+00 0.000000000000000000e+00
2.314999999999780123e+00 0.000000000000000000e+00
2.324999999999779909e+00 0.000000000000000000e+00
2.334999999999779696e+00 0.000000000000000000e+00
2.344999999999779483e+00 0.000000000000000000e+00
2.354999999999779270e+00 0.000000000000000000e+00
2.364999999999779057e+00 0.000000000000000000e+00
2.374999999999778844e+00 0.000000000000000000e+00
2.384999999999778630e+00 0.000000000000000000e+00
2.394999999999778417e+00 0.000000000000000000e+00
2.404999999999778204e+00 0.000000000000000000e+00
2.414999999999777991e+00 0.000000000000000000e+00
2.424999999999777778e+00 0.000000000000000000e+00
2.434999999999777565e+00 0.000000000000000000e+00
2.444999999999777351e+00 0.000000000000000000e+00
2.454999999999777138e+00 0.000000000000000000e+00
2.464999999999776925e+00 0.000000000000000000e+00
2.474999999999776712e+00 0.000000000000000000e+00
2.484999999999776499e+00 0.000000000000000000e+00
2.494999999999776286e+00 0.000000000000000000e+00
2.504999999999776072e+00 0.000000000000000000e+00
2.514999999999775859e+00 0.000000000000000000e+00
2.524999999999775646e+00 0.000000000000000000e+00
2.534999999999775433e+00 0.000000000000000000e+00
2.544999999999775220e+00 0.000000000000000000e+00
2.554999999999775007e+00 0.000000000000000000e+00
2.564999999999774793e+00 0.000000000000000000e+00
2.574999999999774580e+00 0.000000000000000000e+00
2.584999999999774367e+00 0.000000000000000000e+00
2.594999999999774154e+00 0.000000000000000000e+00
2.604999999999773941e+00 0.000000000000000000e+00
2.614999999999773728e+00 0.000000000000000000e+00
2.624999999999773515e+00 0.000000000000000000e+00
2.634999999999773301e+00 0.000000000000000000e+00
2.644999999999773088e+00 0.000000000000000000e+00
2.654999999999772875e+00 0.000000000000000000e+00
2.664999999999772662e+00 0.000000000000000000e+00
2.674999999999772449e+00 0.000000000000000000e+00
2.684999999999772236e+00 0.000000000000000000e+00
2.694999999999772022e+00 0.000000000000000000e+00
2.704999999999771809e+00 0.000000000000000000e+00
2.714999999999771596e+00 0.000000000000000000e+00
2.724999999999771383e+00 0.000000000000000000e+00
2.734999999999771170e+00 0.000000000000000000e+00
2.744999999999770957e+00 0.000000000000000000e+00
2.754999999999770743e+00 0.000000000000000000e+00
2.764999999999770530e+00 0.000000000000000000e+00
2.774999999999770317e+00 0.000000000000000000e+00
2.784999999999770104e+00 0.000000000000000000e+00
2.794999999999769891e+00 0.000000000000000000e+00
2.804999999999769678e+00 0.000000000000000000e+00
2.814999999999769464e+00 0.000000000000000000e+00
2.824999999999769251e+00 0.000000000000000000e+00
2.834999999999769038e+00 0.000000000000000000e+00
2.844999999999768825e+00 0.000000000000000000e+00
2.854999999999768612e+00 0.000000000000000000e+00
2.864999999999768399e+00 0.000000000000000000e+00
2.874999999999768185e+00 0.000000000000000000e+00
2.884999999999767972e+00 0.000000000000000000e+00
2.894999999999767759e+00 0.000000000000000000e+00
2.904999999999767546e+00 0.000000000000000000e+00
2.914999999999767333e+00 0.000000000000000000e+00
2.924999999999767120e+00 0.000000000000000000e+00
2.934999999999766906e+00 0.000000000000000000e+00
2.944999999999766693e+00 0.000000000000000000e+00
2.954999999999766480e+00 0.000000000000000000e+00
2.964999999999766267e+00 0.000000000000000000e+00
2.974999999999766054e+00 0.000000000000000000e+00
2.984999999999765841e+00 0.000000000000000000e+00
2.994999999999765627e+00 0.000000000000000000e+00
3.004999999999765414e+00 0.000000000000000000e+00
3.014999999999765201e+00 0.000000000000000000e+00
3.024999999999764988e+00 0.000000000000000000e+00
3.034999999999764775e+00 0.000000000000000000e+00
3.044999999999764562e+00 0.000000000000000000e+00
3.054999999999764349e+00 0.000000000000000000e+00
3.064999999999764135e+00 0.000000000000000000e+00
3.074999999999763922e+00 0.000000000000000000e+00
3.084999999999763709e+00 0.000000000000000000e+00
3.094999999999763496e+00 0.000000000000000000e+00
3.104999999999763283e+00 0.000000000000000000e+00
3.114999999999763070e+00 0.000000000000000000e+00
3.124999999999762856e+00 0.000000000000000000e+00
3.134999999999762643e+00 0.000000000000000000e+00
3.144999999999762430e+00 0.000000000000000000e+00
3.154999999999762217e+00 0.000000000000000000e+00
3.164999999999762004e+00 0.000000000000000000e+00
3.174999999999761791e+00 0.000000000000000000e+00
3.184999999999761577e+00 0.000000000000000000e+00
3.194999999999761364e+00 0.000000000000000000e+00
3.204999999999761151e+00 0.000000000000000000e+00
3.214999999999760938e+00 0.000000000000000000e+00
3.224999999999760725e+00 0.000000000000000000e+00
3.234999999999760512e+00 0.000000000000000000e+00
3.244999999999760298e+00 0.000000000000000000e+00
3.254999999999760085e+00 0.000000000000000000e+00
3.264999999999759872e+00 0.000000000000000000e+00
3.274999999999759659e+00 0.000000000000000000e+00
3.284999999999759446e+00 0.000000000000000000e+00
3.294999999999759233e+00 0.000000000000000000e+00
3.304999999999759019e+00 0.000000000000000000e+00
3.314999999999758806e+00 0.000000000000000000e+00
3.324999999999758593e+00 0.000000000000000000e+00
3.334999999999758380e+00 0.000000000000000000e+00
3.344999999999758167e+00 0.000000000000000000e+00
3.354999999999757954e+00 0.000000000000000000e+00
3.364999999999757740e+00 0.000000000000000000e+00
3.374999999999757527e+00 0.000000000000000000e+00
3.384999999999757314e+00 0.000000000000000000e+00
3.394999999999757101e+00 0.000000000000000000e+00
3.404999999999756888e+00 0.000000000000000000e+00
3.414999999999756675e+00 0.000000000000000000e+00
3.424999999999756461e+00 0.000000000000000000e+00
3.434999999999756248e+00 0.000000000000000000e+00
3.444999999999756035e+00 0.000000000000000000e+00
3.454999999999755822e+00 0.000000000000000000e+00
3.464999999999755609e+00 0.000000000000000000e+00
3.474999999999755396e+00 0.000000000000000000e+00
3.484999999999755183e+00 0.000000000000000000e+00
3.494999999999754969e+00 0.000000000000000000e+00
3.504999999999754756e+00 0.000000000000000000e+00
3.514999999999754543e+00 0.000000000000000000e+00
3.524999999999754330e+00 0.000000000000000000e+00
3.534999999999754117e+00 0.000000000000000000e+00
3.544999999999753904e+00 0.000000000000000000e+00
3.554999999999753690e+00 0.000000000000000000e+00
3.564999999999753477e+00 0.000000000000000000e+00
3.574999999999753264e+00 0.000000000000000000e+00
3.584999999999753051e+00 0.000000000000000000e+00
3.594999999999752838e+00 0.000000000000000000e+00
3.604999999999752625e+00 0.000000000000000000e+00
3.614999999999752411e+00 0.000000000000000000e+00
3.624999999999752198e+00 0.000000000000000000e+00
3.634999999999751985e+00 0.000000000000000000e+00
3.644999999999751772e+00 0.000000000000000000e+00
3.654999999999751559e+00 0.000000000000000000e+00
3.664999999999751346e+00 0.000000000000000000e+00
3.674999999999751132e+00 0.000000000000000000e+00
3.684999999999750919e+00 0.000000000000000000e+00
3.694999999999750706e+00 0.000000000000000000e+00
3.704999999999750493e+00 0.000000000000000000e+00
3.714999999999750280e+00 0.000000000000000000e+00
3.724999999999750067e+00 0.000000000000000000e+00
3.734999999999749853e+00 0.000000000000000000e+00
3.744999999999749640e+00 0.000000000000000000e+00
3.754999999999749427e+00 0.000000000000000000e+00
3.764999999999749214e+00 0.000000000000000000e+00
3.774999999999749001e+00 0.000000000000000000e+00
3.784999999999748788e+00 0.000000000000000000e+00
3.794999999999748574e+00 0.000000000000000000e+00
3.804999999999748361e+00 0.000000000000000000e+00
3.814999999999748148e+00 0.000000000000000000e+00
3.824999999999747935e+00 0.000000000000000000e+00
3.834999999999747722e+00 0.000000000000000000e+00
3.844999999999747509e+00 0.000000000000000000e+00
3.854999999999747295e+00 0.000000000000000000e+00
3.864999999999747082e+00 0.000000000000000000e+00
3.874999999999746869e+00 0.000000000000000000e+00
3.884999999999746656e+00 0.000000000000000000e+00
3.894999999999746443e+00 0.000000000000000000e+00
3.904999999999746230e+00 0.000000000000000000e+00
3.914999999999746016e+00 0.000000000000000000e+00
3.924999999999745803e+00 0.000000000000000000e+00
3.934999999999745590e+00 0.000000000000000000e+00
3.944999999999745377e+00 0.000000000000000000e+00
3.954999999999745164e+00 0.000000000000000000e+00
3.964999999999744951e+00 0.000000000000000000e+00
3.974999999999744738e+00 0.000000000000000000e+00
3.984999999999744524e+00 0.000000000000000000e+00
3.994999999999744311e+00 0.000000000000000000e+00
4.004999999999744098e+00 0.000000000000000000e+00
4.014999999999743885e+00 0.000000000000000000e+00
4.024999999999743672e+00 0.000000000000000000e+00
4.034999999999743459e+00 0.000000000000000000e+00
4.044999999999743245e+00 0.000000000000000000e+00
4.054999999999743032e+00 0.000000000000000000e+00
4.064999999999742819e+00 0.000000000000000000e+00
4.074999999999742606e+00 0.000000000000000000e+00
4.084999999999742393e+00 0.000000000000000000e+00
4.094999999999742180e+00 0.000000000000000000e+00
4.104999999999741966e+00 0.000000000000000000e+00
4.114999999999741753e+00 0.000000000000000000e+00
4.124999999999741540e+00 0.000000000000000000e+00
4.134999999999741327e+00 0.000000000000000000e+00
4.144999999999741114e+00 0.000000000000000000e+00
4.154999999999740901e+00 0.000000000000000000e+00
4.164999999999740687e+00 0.000000000000000000e+00
4.174999999999740474e+00 0.000000000000000000e+00
4.184999999999740261e+00 0.000000000000000000e+00
4.194999999999740048e+00 0.000000000000000000e+00
4.204999999999739835e+00 0.000000000000000000e+00
4.214999999999739622e+00 0.000000000000000000e+00
4.224999999999739408e+00 0.000000000000000000e+00
4.234999999999739195e+00 0.000000000000000000e+00
4.244999999999738982e+00 0.000000000000000000e+00
4.254999999999738769e+00 0.000000000000000000e+00
4.264999999999738556e+00 0.000000000000000000e+00
4.274999999999738343e+00 0.000000000000000000e+00
4.284999999999738129e+00 0.000000000000000000e+00
4.294999999999737916e+00 0.000000000000000000e+00
4.304999999999737703e+00 0.000000000000000000e+00
4.314999999999737490e+00 0.000000000000000000e+00
4.324999999999737277e+00 0.000000000000000000e+00
4.334999999999737064e+00 0.000000000000000000e+00
4.344999999999736850e+00 0.000000000000000000e+00
4.354999999999736637e+00 0.000000000000000000e+00
4.364999999999736424e+00 0.000000000000000000e+00
4.374999999999736211e+00 0.000000000000000000e+00
4.384999999999735998e+00 0.000000000000000000e+00
4.394999999999735785e+00 0.000000000000000000e+00
4.404999999999735572e+00 0.000000000000000000e+00
4.414999999999735358e+00 0.000000000000000000e+00
4.424999999999735145e+00 0.000000000000000000e+00
4.434999999999734932e+00 0.000000000000000000e+00
4.444999999999734719e+00 0.000000000000000000e+00
4.454999999999734506e+00 0.000000000000000000e+00
4.464999999999734293e+00 0.000000000000000000e+00
4.474999999999734079e+00 0.000000000000000000e+00
4.484999999999733866e+00 0.000000000000000000e+00
4.494999999999733653e+00 0.000000000000000000e+00
4.504999999999733440e+00 0.000000000000000000e+00
4.514999999999733227e+00 0.000000000000000000e+00
4.524999999999733014e+00 0.000000000000000000e+00
4.534999999999732800e+00 0.000000000000000000e+00
4.544999999999732587e+00 0.000000000000000000e+00
4.554999999999732374e+00 0.000000000000000000e+00
4.564999999999732161e+00 0.000000000000000000e+00
4.574999999999731948e+00 0.000000000000000000e+00
4.584999999999731735e+00 0.000000000000000000e+00
4.594999999999731521e+00 0.000000000000000000e+00
4.604999999999731308e+00 0.000000000000000000e+00
4.614999999999731095e+00 0.000000000000000000e+00
4.624999999999730882e+00 0.000000000000000000e+00
4.634999999999730669e+00 0.000000000000000000e+00
4.644999999999730456e+00 0.000000000000000000e+00
4.654999999999730242e+00 0.000000000000000000e+00
4.664999999999730029e+00 0.000000000000000000e+00
4.674999999999729816e+00 0.000000000000000000e+00
4.684999999999729603e+00 0.000000000000000000e+00
4.694999999999729390e+00 0.000000000000000000e+00
4.704999999999729177e+00 0.000000000000000000e+00
4.714999999999728963e+00 0.000000000000000000e+00
4.724999999999728750e+00 0.000000000000000000e+00
4.734999999999728537e+00 0.000000000000000000e+00
4.744999999999728324e+00 0.000000000000000000e+00
4.754999999999728111e+00 0.000000000000000000e+00
4.764999999999727898e+00 0.000000000000000000e+00
4.774999999999727684e+00 0.000000000000000000e+00
4.784999999999727471e+00 0.000000000000000000e+00
4.794999999999727258e+00 0.000000000000000000e+00
4.804999999999727045e+00 0.000000000000000000e+00
4.814999999999726832e+00 0.000000000000000000e+00
4.824999999999726619e+00 0.000000000000000000e+00
4.834999999999726406e+00 0.000000000000000000e+00
4.844999999999726192e+00 0.000000000000000000e+00
4.854999999999725979e+00 0.000000000000000000e+00
4.864999999999725766e+00 0.000000000000000000e+00
4.874999999999725553e+00 0.000000000000000000e+00
4.884999999999725340e+00 0.000000000000000000e+00
4.894999999999725127e+00 0.000000000000000000e+00
4.904999999999724913e+00 0.000000000000000000e+00
4.914999999999724700e+00 0.000000000000000000e+00
4.924999999999724487e+00 0.000000000000000000e+00
4.934999999999724274e+00 0.000000000000000000e+00
4.944999999999724061e+00 0.000000000000000000e+00
4.954999999999723848e+00 0.000000000000000000e+00
4.964999999999723634e+00 0.000000000000000000e+00
4.974999999999723421e+00 0.000000000000000000e+00
4.984999999999723208e+00 0.000000000000000000e+00
4.994999999999722995e+00 0.000000000000000000e+00
5.004999999999722782e+00 0.000000000000000000e+00
5.014999999999722569e+00 0.000000000000000000e+00
5.024999999999722355e+00 0.000000000000000000e+00
5.034999999999722142e+00 0.000000000000000000e+00
5.044999999999721929e+00 0.000000000000000000e+00
5.054999999999721716e+00 0.000000000000000000e+00
5.064999999999721503e+00 0.000000000000000000e+00
5.074999999999721290e+00 0.000000000000000000e+00
5.084999999999721076e+00 0.000000000000000000e+00
5.094999999999720863e+00 0.000000000000000000e+00
5.104999999999720650e+00 0.000000000000000000e+00
5.114999999999720437e+00 0.000000000000000000e+00
5.124999999999720224e+00 0.000000000000000000e+00
5.134999999999720011e+00 0.000000000000000000e+00
5.144999999999719797e+00 0.000000000000000000e+00
5.154999999999719584e+00 0.000000000000000000e+00
5.164999999999719371e+00 0.000000000000000000e+00
5.174999999999719158e+00 0.000000000000000000e+00
5.184999999999718945e+00 0.000000000000000000e+00
5.194999999999718732e+00 0.000000000000000000e+00
5.204999999999718518e+00 0.000000000000000000e+00
5.214999999999718305e+00 0.000000000000000000e+00
5.224999999999718092e+00 0.000000000000000000e+00
5.234999999999717879e+00 0.000000000000000000e+00
5.244999999999717666e+00 0.000000000000000000e+00
5.254999999999717453e+00 0.000000000000000000e+00
5.264999999999717240e+00 0.000000000000000000e+00
5.274999999999717026e+00 0.000000000000000000e+00
5.284999999999716813e+00 0.000000000000000000e+00
5.294999999999716600e+00 0.000000000000000000e+00
5.304999999999716387e+00 0.000000000000000000e+00
5.314999999999716174e+00 0.000000000000000000e+00
5.324999999999715961e+00 0.000000000000000000e+00
5.334999999999715747e+00 0.000000000000000000e+00
5.344999999999715534e+00 0.000000000000000000e+00
5.354999999999715321e+00 0.000000000000000000e+00
5.364999999999715108e+00 0.000000000000000000e+00
5.374999999999714895e+00 0.000000000000000000e+00
5.384999999999714682e+00 0.000000000000000000e+00
5.394999999999714468e+00 0.000000000000000000e+00
5.404999999999714255e+00 0.000000000000000000e+00
5.414999999999714042e+00 0.000000000000000000e+00
5.424999999999713829e+00 0.000000000000000000e+00
5.434999999999713616e+00 0.000000000000000000e+00
5.444999999999713403e+00 0.000000000000000000e+00
5.454999999999713189e+00 0.000000000000000000e+00
5.464999999999712976e+00 0.000000000000000000e+00
5.474999999999712763e+00 0.000000000000000000e+00
5.484999999999712550e+00 0.000000000000000000e+00
5.494999999999712337e+00 0.000000000000000000e+00
5.504999999999712124e+00 0.000000000000000000e+00
5.514999999999711910e+00 0.000000000000000000e+00
5.524999999999711697e+00 0.000000000000000000e+00
5.534999999999711484e+00 0.000000000000000000e+00
5.544999999999711271e+00 0.000000000000000000e+00
5.554999999999711058e+00 0.000000000000000000e+00
5.564999999999710845e+00 0.000000000000000000e+00
5.574999999999710631e+00 0.000000000000000000e+00
5.584999999999710418e+00 0.000000000000000000e+00
5.594999999999710205e+00 0.000000000000000000e+00
5.604999999999709992e+00 0.000000000000000000e+00
5.614999999999709779e+00 0.000000000000000000e+00
5.624999999999709566e+00 0.000000000000000000e+00
5.634999999999709352e+00 0.000000000000000000e+00
5.644999999999709139e+00 1.951210079956098083e-09
5.654999999999708926e+00 2.896345395852317486e-09
5.664999999999708713e+00 4.256510673584617484e-09
5.674999999999708500e+00 6.193186486296255454e-09
5.684999999999708287e+00 8.921371888590044712e-09
5.694999999999708074e+00 1.662604199406463130e-08
5.704999999999707860e+00 2.375832625222265316e-08
5.714999999999707647e+00 4.533545109643038992e-08
5.724999999999707434e+00 6.452465687557703108e-08
5.734999999999707221e+00 1.027199087904066041e-07
5.744999999999707008e+00 1.446014906124633617e-07
5.754999999999706795e+00 2.017875922464868084e-07
5.764999999999706581e+00 2.791388208360999799e-07
5.774999999999706368e+00 3.827802380200780228e-07
5.784999999999706155e+00 5.203319760057338531e-07
5.794999999999705942e+00 7.011491174795213672e-07
5.804999999999705729e+00 9.482666062047872388e-07
5.814999999999705516e+00 1.257458934606648103e-06
5.824999999999705302e+00 1.653142528211868355e-06
5.834999999999705089e+00 2.166370231167190572e-06
5.844999999999704876e+00 2.801574213226768450e-06
5.854999999999704663e+00 3.607880820703159843e-06
5.864999999999704450e+00 4.590241035550230482e-06
5.874999999999704237e+00 5.791268788559402370e-06
5.884999999999704023e+00 7.269091260090973511e-06
5.894999999999703810e+00 9.036567895610678693e-06
5.904999999999703597e+00 1.113078299219646034e-05
5.914999999999703384e+00 1.361180776964962130e-05
5.924999999999703171e+00 1.650225461128034096e-05
5.934999999999702958e+00 1.984964842189955732e-05
5.944999999999702744e+00 2.369133586256975114e-05
5.954999999999702531e+00 2.806105314475534841e-05
5.964999999999702318e+00 3.298771049033557905e-05
5.974999999999702105e+00 3.849426777681017351e-05
5.984999999999701892e+00 4.462017977134344446e-05
5.994999999999701679e+00 5.133831646278689279e-05
6.004999999999701465e+00 5.866589307567625898e-05
6.014999999999701252e+00 6.659655872835902731e-05
6.024999999999701039e+00 7.512785864021624769e-05
6.034999999999700826e+00 8.424386433069573328e-05
6.044999999999700613e+00 9.388912216041597389e-05
6.054999999999700400e+00 1.040468961580494198e-04
6.064999999999700186e+00 1.147151142683370905e-04
6.074999999999699973e+00 1.257992033301035201e-04
6.084999999999699760e+00 1.373031779925387816e-04
6.094999999999699547e+00 1.491499770890615203e-04
6.104999999999699334e+00 1.613027581202446635e-04
6.114999999999699121e+00 1.737156864563575362e-04
6.124999999999698908e+00 1.863380658120196019e-04
6.134999999999698694e+00 1.991166431958068324e-04
6.144999999999698481e+00 2.120187398659856043e-04
6.154999999999698268e+00 2.249615069045923874e-04
6.164999999999698055e+00 2.378823647738318239e-04
6.174999999999697842e+00 2.507393254275810273e-04
6.184999999999697629e+00 2.634527759296227028e-04
6.194999999999697415e+00 2.759941427583915345e-04
6.204999999999697202e+00 2.882718982851730167e-04
6.214999999999696989e+00 3.002767426609834200e-04
6.224999999999696776e+00 3.119459272721998295e-04
6.234999999999696563e+00 3.232516946417359903e-04
6.244999999999696350e+00 3.342031096061199007e-04
6.254999999999696136e+00 3.448115202512438754e-04
6.264999999999695923e+00 3.550722307890143690e-04
6.274999999999695710e+00 3.650413666487896478e-04
6.284999999999695497e+00 3.747740303297826580e-04
6.294999999999695284e+00 3.843367807998347685e-04
6.304999999999695071e+00 3.938033783104476085e-04
6.314999999999694857e+00 4.032730855369499726e-04
6.324999999999694644e+00 4.127944373493070709e-04
6.334999999999694431e+00 4.224415282832617705e-04
6.344999999999694218e+00 4.322555627726549620e-04
6.354999999999694005e+00 4.423013352235572251e-04
6.364999999999693792e+00 4.525556602991843546e-04
6.374999999999693578e+00 4.630482854303736477e-04
6.384999999999693365e+00 4.737624233116373386e-04
6.394999999999693152e+00 4.846200003783658009e-04
6.404999999999692939e+00 4.955347653310386178e-04
6.414999999999692726e+00 5.064524666320733767e-04
6.424999999999692513e+00 5.172881985971723154e-04
6.434999999999692299e+00 5.279553616972112269e-04
6.444999999999692086e+00 5.383711234720283366e-04
6.454999999999691873e+00 5.484835146594718323e-04
6.464999999999691660e+00 5.581989259698002777e-04
6.474999999999691447e+00 5.674873873836016333e-04
6.484999999999691234e+00 5.763236996430363274e-04
6.494999999999691020e+00 5.847604907263622472e-04
6.504999999999690807e+00 5.927195393828267210e-04
6.514999999999690594e+00 6.002804082957860889e-04
6.524999999999690381e+00 6.074945255346312018e-04
6.534999999999690168e+00 6.144516709758970387e-04
6.544999999999689955e+00 6.212299387247850226e-04
6.554999999999689742e+00 6.279039685396848366e-04
6.564999999999689528e+00 6.345548283669513777e-04
6.574999999999689315e+00 6.412993435252030893e-04
6.584999999999689102e+00 6.482383714089741964e-04
6.594999999999688889e+00 6.554804026798173935e-04
6.604999999999688676e+00 6.631198512691262531e-04
6.614999999999688463e+00 6.711984889738526394e-04
6.624999999999688249e+00 6.798127061114580573e-04
6.634999999999688036e+00 6.890290369684197187e-04
6.644999999999687823e+00 6.988061178008944229e-04
6.654999999999687610e+00 7.092162985941883636e-04
6.664999999999687397e+00 7.201761255580249122e-04
6.674999999999687184e+00 7.316639916149936945e-04
6.684999999999686970e+00 7.435746349016886161e-04
6.694999999999686757e+00 7.558107765151650913e-04
6.704999999999686544e+00 7.682533945666831371e-04
6.714999999999686331e+00 7.807873930668710613e-04
6.724999999999686118e+00 7.932773581806571188e-04
6.734999999999685905e+00 8.055904279453228586e-04
6.744999999999685691e+00 8.176188029343007440e-04
6.754999999999685478e+00 8.292359528760439094e-04
6.764999999999685265e+00 8.404069597483900585e-04
6.774999999999685052e+00 8.510499079008042225e-04
6.784999999999684839e+00 8.612112349303834881e-04
6.794999999999684626e+00 8.708286230427739801e-04
6.804999999999684412e+00 8.800047761900999183e-04
6.814999999999684199e+00 8.888170997096222570e-04
6.824999999999683986e+00 8.973056879917895579e-04
6.834999999999683773e+00 9.055495404430182046e-04
6.844999999999683560e+00 9.136614188297713943e-04
6.854999999999683347e+00 9.218035934930547334e-04
6.864999999999683133e+00 9.299629335074300999e-04
6.874999999999682920e+00 9.382283565760715562e-04
6.884999999999682707e+00 9.466897495832499784e-04
6.894999999999682494e+00 9.554114710661255373e-04
6.904999999999682281e+00 9.643406889115408234e-04
6.914999999999682068e+00 9.735159921891566731e-04
6.924999999999681854e+00 9.830008658644562389e-04
6.934999999999681641e+00 9.926770412175688237e-04
6.944999999999681428e+00 1.002613121752806693e-03
6.954999999999681215e+00 1.012725129647369790e-03
6.964999999999681002e+00 1.023052788600817666e-03
6.974999999999680789e+00 1.033582022364930558e-03
6.984999999999680576e+00 1.044323152843329569e-03
6.994999999999680362e+00 1.055239025399161423e-03
7.004999999999680149e+00 1.066351766882193703e-03
7.014999999999679936e+00 1.077689881258003151e-03
7.024999999999679723e+00 1.089235490197089764e-03
7.034999999999679510e+00 1.101008317669134162e-03
7.044999999999679297e+00 1.112999394715952130e-03
7.054999999999679083e+00 1.125223120139396110e-03
7.064999999999678870e+00 1.137690260133876908e-03
7.074999999999678657e+00 1.150357751858434524e-03
7.084999999999678444e+00 1.163261538291250619e-03
7.094999999999678231e+00 1.176301471108736046e-03
7.104999999999678018e+00 1.189482729713044066e-03
7.114999999999677804e+00 1.202820488869266527e-03
7.124999999999677591e+00 1.216122865266359467e-03
7.134999999999677378e+00 1.229454033216092470e-03
7.144999999999677165e+00 1.242679321148336445e-03
7.154999999999676952e+00 1.255734314226447049e-03
7.164999999999676739e+00 1.268531914242683554e-03
7.174999999999676525e+00 1.281023006139659151e-03
7.184999999999676312e+00 1.293095743338124525e-03
7.194999999999676099e+00 1.304676868734057837e-03
7.204999999999675886e+00 1.315801444216466685e-03
7.214999999999675673e+00 1.326357779285775680e-03
7.224999999999675460e+00 1.336339879386984862e-03
7.234999999999675246e+00 1.345809147458429693e-03
7.244999999999675033e+00 1.354759696077353177e-03
7.254999999999674820e+00 1.363283501566902233e-03
7.264999999999674607e+00 1.371448049524546511e-03
7.274999999999674394e+00 1.379460366422031060e-03
7.284999999999674181e+00 1.387429002583348168e-03
7.294999999999673967e+00 1.395585042067896877e-03
7.304999999999673754e+00 1.404017742828079455e-03
7.314999999999673541e+00 1.413048134112392280e-03
7.324999999999673328e+00 1.422767065541592248e-03
7.334999999999673115e+00 1.433384733149037577e-03
7.344999999999672902e+00 1.445035136497358451e-03
7.354999999999672688e+00 1.457846437500359997e-03
7.364999999999672475e+00 1.471872747310701973e-03
7.374999999999672262e+00 1.487183236915180394e-03
7.384999999999672049e+00 1.503691898814639829e-03
7.394999999999671836e+00 1.521288903599521359e-03
7.404999999999671623e+00 1.539812188752791170e-03
7.414999999999671410e+00 1.559126655035014165e-03
7.424999999999671196e+00 1.578965745665474344e-03
7.434999999999670983e+00 1.599027182180044098e-03
7.444999999999670770e+00 1.619101688382604135e-03
7.454999999999670557e+00 1.638833945317488480e-03
7.464999999999670344e+00 1.657884012186129153e-03
7.474999999999670131e+00 1.676070576825579262e-03
7.484999999999669917e+00 1.693171340081595089e-03
7.494999999999669704e+00 1.708959232935109481e-03
7.504999999999669491e+00 1.723317735538021584e-03
7.514999999999669278e+00 1.736205413684606316e-03
7.524999999999669065e+00 1.747639591743605772e-03
7.534999999999668852e+00 1.757689307814478980e-03
7.544999999999668638e+00 1.766497146023310750e-03
7.554999999999668425e+00 1.774309755205120400e-03
7.564999999999668212e+00 1.781357747914853653e-03
7.574999999999667999e+00 1.787914317278930165e-03
7.584999999999667786e+00 1.794314016096390041e-03
7.594999999999667573e+00 1.800847618566031464e-03
7.604999999999667359e+00 1.807905969934707913e-03
7.614999999999667146e+00 1.815762048597689086e-03
7.624999999999666933e+00 1.824647006499020493e-03
7.634999999999666720e+00 1.834892398134161350e-03
7.644999999999666507e+00 1.846643929922561506e-03
7.654999999999666294e+00 1.860032569374134174e-03
7.664999999999666080e+00 1.875085137922240328e-03
7.674999999999665867e+00 1.891934622352403833e-03
7.684999999999665654e+00 1.910438142340448653e-03
7.694999999999665441e+00 1.930564319086610714e-03
7.704999999999665228e+00 1.952084509242241889e-03
7.714999999999665015e+00 1.974994972031873710e-03
7.724999999999664801e+00 1.998925995992076494e-03
7.734999999999664588e+00 2.023671407863966883e-03
7.744999999999664375e+00 2.049106594967452233e-03
7.754999999999664162e+00 2.074867190626181277e-03
7.764999999999663949e+00 2.100794492594682504e-03
7.774999999999663736e+00 2.126591954521495857e-03
7.784999999999663522e+00 2.152078513568670640e-03
7.794999999999663309e+00 2.176933727816218571e-03
7.804999999999663096e+00 2.201054018640904823e-03
7.814999999999662883e+00 2.224244763311669735e-03
7.824999999999662670e+00 2.246370562239979971e-03
7.834999999999662457e+00 2.267331464626010443e-03
7.844999999999662244e+00 2.287025542346199456e-03
7.854999999999662030e+00 2.305375214898839741e-03
7.864999999999661817e+00 2.322250994089546453e-03
7.874999999999661604e+00 2.337714975697205173e-03
7.884999999999661391e+00 2.351796522366607183e-03
7.894999999999661178e+00 2.364473598346134974e-03
7.904999999999660965e+00 2.375913206554221540e-03
7.914999999999660751e+00 2.386254281298711300e-03
7.924999999999660538e+00 2.395592856473074527e-03
7.934999999999660325e+00 2.404334196130487010e-03
7.944999999999660112e+00 2.412632181860311156e-03
7.954999999999659899e+00 2.420818561114152466e-03
7.964999999999659686e+00 2.429258322062895561e-03
7.974999999999659472e+00 2.438282595119504841e-03
7.984999999999659259e+00 2.448277119624064132e-03
7.994999999999659046e+00 2.459643312924855371e-03
8.004999999999657945e+00 2.472763731608499261e-03
8.014999999999655955e+00 2.487843107411649018e-03
8.024999999999657518e+00 2.505207174225719102e-03
8.034999999999659082e+00 2.525086956422253198e-03
8.044999999999657092e+00 2.547575340776151928e-03
8.054999999999655103e+00 2.572774669133328067e-03
8.064999999999656666e+00 2.600587412719406084e-03
8.074999999999658229e+00 2.630915106340479554e-03
8.084999999999656239e+00 2.663489301260429584e-03
8.094999999999654250e+00 2.698018552946185745e-03
8.104999999999655813e+00 2.733975325663740366e-03
8.114999999999657376e+00 2.770983921580320170e-03
8.124999999999655387e+00 2.808431778512240472e-03
8.134999999999653397e+00 2.845872105313504603e-03
8.144999999999654960e+00 2.882551822661168911e-03
8.154999999999656524e+00 2.917966195495755137e-03
8.164999999999654534e+00 2.951496624060742386e-03
8.174999999999652545e+00 2.982681897649739310e-03
8.184999999999654108e+00 3.011076390369153352e-03
8.194999999999655671e+00 3.036402285606452228e-03
8.204999999999653681e+00 3.058489952644039347e-03
8.214999999999651692e+00 3.077355634702297164e-03
8.224999999999653255e+00 3.093076762546331793e-03
8.234999999999654818e+00 3.106033020520562911e-03
8.244999999999652829e+00 3.116596126642250629e-03
8.254999999999650839e+00 3.125339582560818143e-03
8.264999999999652402e+00 3.133120028988526512e-03
8.274999999999653966e+00 3.140668883164554181e-03
8.284999999999651976e+00 3.148792489376079241e-03
8.294999999999649987e+00 3.158431131487280871e-03
8.304999999999651550e+00 3.170368753150747728e-03
8.314999999999653113e+00 3.185300110272610338e-03
8.324999999999651124e+00 3.203963711321129379e-03
8.334999999999649134e+00 3.226635912598839213e-03
8.344999999999650697e+00 3.253609492021998419e-03
8.354999999999652260e+00 3.284926945020136442e-03
8.364999999999650271e+00 3.320450594215707853e-03
8.374999999999648281e+00 3.359794408084023753e-03
8.384999999999649845e+00 3.402446237225067224e-03
8.394999999999651408e+00 3.447737470312584648e-03
8.404999999999649418e+00 3.494845769900259327e-03
8.414999999999647429e+00 3.542907216597977922e-03
8.424999999999648992e+00 3.591041001646352870e-03
8.434999999999650555e+00 3.638447706162338622e-03
8.444999999999648566e+00 3.684300825152950903e-03
8.454999999999646576e+00 3.728036886630032958e-03
8.464999999999648139e+00 3.769187189648099106e-03
8.474999999999649702e+00 3.807416695840834270e-03
8.484999999999647713e+00 3.842584467066213413e-03
8.494999999999645723e+00 3.874909876101386048e-03
8.504999999999647287e+00 3.904492459946741142e-03
8.514999999999648850e+00 3.931866485886515925e-03
8.524999999999646860e+00 3.957450830008970785e-03
8.534999999999644871e+00 3.982013198404498952e-03
8.544999999999646434e+00 4.006181178802480786e-03
8.554999999999647997e+00 4.030775799100009583e-03
8.564999999999646008e+00 4.056466981799172235e-03
8.574999999999644018e+00 4.083907934241187351e-03
8.584999999999645581e+00 4.113722541777993340e-03
8.594999999999647144e+00 4.146273066054102091e-03
8.604999999999645155e+00 4.182057916523287261e-03
8.614999999999643165e+00 4.221151345092509499e-03
8.624999999999644729e+00 4.263687270647987908e-03
8.634999999999646292e+00 4.309656540894238504e-03
8.644999999999644302e+00 4.358712674550121319e-03
8.654999999999642313e+00 4.410800275974593315e-03
8.664999999999643876e+00 4.465490216627646287e-03
8.674999999999645439e+00 4.522476392468837911e-03
8.684999999999643450e+00 4.581377730676416266e-03
8.694999999999641460e+00 4.641763501695020736e-03
8.704999999999643023e+00 4.703415732450070934e-03
8.714999999999644587e+00 4.766075664025391789e-03
8.724999999999642597e+00 4.829554034576291274e-03
8.734999999999640607e+00 4.893890723190205336e-03
8.744999999999642171e+00 4.959043462435840273e-03
8.754999999999643734e+00 5.025253905279072550e-03
8.764999999999641744e+00 5.092941916833066199e-03
8.774999999999639755e+00 5.162511740756836782e-03
8.784999999999641318e+00 5.234475897486226548e-03
8.794999999999642881e+00 5.309413189552606056e-03
8.804999999999640892e+00 5.388061235880535135e-03
8.814999999999638902e+00 5.471021393975816771e-03
8.824999999999640465e+00 5.559129843902213194e-03
8.834999999999642029e+00 5.653312275250237280e-03
8.844999999999640039e+00 5.754015204044786620e-03
8.854999999999638050e+00 5.862333809784014103e-03
8.864999999999639613e+00 5.978643350176929619e-03
8.874999999999641176e+00 6.103870415579499588e-03
8.884999999999639186e+00 6.238467645695164147e-03
8.894999999999637197e+00 6.383029842156894701e-03
8.904999999999638760e+00 6.538021398966838496e-03
8.914999999999640323e+00 6.704086187410859127e-03
8.924999999999638334e+00 6.881667488400350710e-03
8.934999999999636344e+00 7.071089902176302434e-03
8.944999999999637907e+00 7.272938922903455540e-03
8.954999999999639471e+00 7.487405265365036297e-03
8.964999999999637481e+00 7.714867771087523078e-03
8.974999999999635492e+00 7.955701840540925843e-03
8.984999999999637055e+00 8.210285273709670706e-03
8.994999999999638618e+00 8.478758411247299537e-03
9.004999999999636628e+00 8.761339820167992481e-03
9.014999999999634639e+00 9.058303475309182826e-03
9.024999999999636202e+00 9.369404221077065956e-03
9.034999999999637765e+00 9.694614019573392222e-03
9.044999999999635776e+00 1.003380680901116637e-02
9.054999999999633786e+00 1.038633388374581544e-02
9.064999999999635349e+00 1.075141001175934988e-02
9.074999999999636913e+00 1.112833427259285815e-02
9.084999999999634923e+00 1.151580576316445573e-02
9.094999999999632934e+00 1.191260353587505864e-02
9.104999999999634497e+00 1.231700534550716174e-02
9.114999999999636060e+00 1.272706917163355517e-02
9.124999999999634070e+00 1.314086755992348310e-02
9.134999999999632081e+00 1.355634306867299806e-02
9.144999999999633644e+00 1.397132704924779548e-02
9.154999999999635207e+00 1.438347542414638788e-02
9.164999999999633218e+00 1.479057526427923763e-02
9.174999999999631228e+00 1.519015219966546142e-02
9.184999999999632792e+00 1.558040144154039519e-02
9.194999999999634355e+00 1.595919900837339256e-02
9.204999999999632365e+00 1.632462253102041905e-02
9.214999999999630376e+00 1.667534077143017698e-02
9.224999999999631939e+00 1.701013090330975169e-02
9.234999999999633502e+00 1.732793161711049593e-02
9.244999999999631513e+00 1.762814682298274524e-02
9.254999999999629523e+00 1.791082151731681477e-02
9.264999999999631086e+00 1.817577600044178315e-02
9.274999999999632649e+00 1.842345831668035228e-02
9.284999999999630660e+00 1.865492067776942584e-02
9.294999999999628670e+00 1.887107017466870332e-02
9.304999999999630234e+00 1.907344321571978127e-02
9.314999999999631797e+00 1.926368807608847683e-02
9.324999999999629807e+00 1.944365867963792488e-02
9.334999999999627818e+00 1.961541848543616948e-02
9.344999999999629381e+00 1.978088925868885101e-02
9.354999999999630944e+00 1.994225871149053753e-02
9.364999999999628955e+00 2.010114629473783512e-02
9.374999999999626965e+00 2.025963444647250339e-02
9.384999999999628528e+00 2.041927772939001323e-02
9.394999999999630091e+00 2.058124769520123382e-02
9.404999999999628102e+00 2.074673857994391996e-02
9.414999999999626112e+00 2.091594061248900488e-02
9.424999999999627676e+00 2.108909765346491522e-02
9.434999999999629239e+00 2.126598814970043216e-02
9.444999999999627249e+00 2.144602214788055364e-02
9.454999999999625260e+00 2.162847419986221528e-02
9.464999999999626823e+00 2.181175804128737683e-02
9.474999999999628386e+00 2.199448420480831085e-02
9.484999999999626397e+00 2.217503406219413151e-02
9.494999999999624407e+00 2.235148085142422622e-02
9.504999999999625970e+00 2.252218005483973967e-02
9.514999999999627533e+00 2.268547810877506038e-02
9.524999999999625544e+00 2.283971418636976045e-02
9.534999999999623554e+00 2.298377035027976412e-02
9.544999999999625118e+00 2.311626899781598493e-02
9.554999999999626681e+00 2.323657354639322228e-02
9.564999999999624691e+00 2.334404300440116181e-02
9.574999999999622702e+00 2.343839876766076399e-02
9.584999999999624265e+00 2.351975117442970178e-02
9.594999999999625828e+00 2.358868792781891252e-02
9.604999999999623839e+00 2.364561646929836183e-02
9.614999999999621849e+00 2.369095632130918672e-02
9.624999999999623412e+00 2.372581665383490315e-02
9.634999999999624976e+00 2.375112452056487786e-02
9.644999999999622986e+00 2.376775848934358989e-02
9.654999999999620997e+00 2.377685915994802793e-02
9.664999999999622560e+00 2.377923934702129080e-02
9.674999999999624123e+00 2.377584941348766939e-02
9.684999999999622133e+00 2.376738640824656995e-02
9.694999999999620144e+00 2.375450408141268829e-02
9.704999999999621707e+00 2.373782605208652613e-02
9.714999999999623270e+00 2.371785111754406636e-02
9.724999999999621281e+00 2.369467100866131173e-02
9.734999999999619291e+00 2.366858270466517047e-02
9.744999999999620854e+00 2.363987671156026621e-02
9.754999999999622418e+00 2.360825271040617110e-02
9.764999999999620428e+00 2.357411735485474141e-02
9.774999999999618439e+00 2.353732697519955036e-02
9.784999999999620002e+00 2.349800285142929560e-02
9.794999999999621565e+00 2.345619643906865504e-02
9.804999999999619575e+00 2.341176585262776805e-02
9.814999999999617586e+00 2.336493108905036281e-02
9.824999999999619149e+00 2.331561721480632926e-02
9.834999999999620712e+00 2.326422333248178917e-02
9.844999999999618723e+00 2.321115395393977265e-02
9.854999999999616733e+00 2.315640655690705263e-02
9.864999999999618296e+00 2.310081193922768755e-02
9.874999999999619860e+00 2.304477792076897041e-02
9.884999999999617870e+00 2.298869141313735279e-02
9.894999999999615881e+00 2.293353855035000499e-02
9.904999999999617444e+00 2.287974172157304295e-02
9.914999999999619007e+00 2.282836701424146089e-02
9.924999999999617017e+00 2.278017028216540452e-02
9.934999999999615028e+00 2.273594425992805229e-02
9.944999999999616591e+00 2.269636637928339890e-02
9.954999999999618154e+00 2.266198619964964953e-02
9.964999999999616165e+00 2.263365112431954193e-02
9.974999999999614175e+00 2.261192765985488295e-02
9.984999999999615738e+00 2.259726100228240733e-02
9.994999999999617302e+00 2.258967761597962740e-02
